REC 13 2 0.0 7.399485
REC 82 2 7.399485 22.198456
REC 30 2 22.198456 25.898198
REC 56 2 25.898198 40.697169
REC 85 2 40.697169 55.496140000000004
REC 37 2 55.496140000000004 59.195882000000005
REC 38 2 59.195882000000005 62.895624000000005
REC 32 2 62.895624000000005 70.29510900000001
REC 63 2 70.29510900000001 73.99485100000001
REC 96 2 73.99485100000001 77.69459300000001
REC 54 2 77.69459300000001 85.09407800000001
REC 74 2 85.09407800000001 92.49356300000001
REC 24 2 92.49356300000001 96.19330500000001
REC 15 2 96.19330500000001 110.992276
REC 26 2 110.992276 118.391761
REC 42 2 118.391761 125.791246
REC 49 2 125.791246 140.590217
REC 67 2 140.590217 155.389188
REC 9 2 155.389188 170.18815899999998
REC 17 2 170.18815899999998 173.88790099999997
REC 92 2 173.88790099999997 177.58764299999996
REC 68 2 177.58764299999996 184.98712799999996
REC 46 2 184.98712799999996 192.38661299999995
REC 79 2 192.38661299999995 207.18558399999995
REC 25 2 207.18558399999995 214.58506899999995
REC 34 2 214.58506899999995 229.38403999999994
REC 83 2 229.38403999999994 244.18301099999994
REC 53 2 244.18301099999994 247.88275299999992
REC 27 2 247.88275299999992 255.28223799999992
REC 8 2 255.28223799999992 258.9819799999999
REC 11 2 258.9819799999999 266.38146499999993
CAND 238 0 4636.153255403042 4643.552740403042
CAND 239 0 4643.552740403042 4658.351711403042
CAND 241 0 4658.351711403042 4665.751196403042
CAND 250 0 4665.751196403042 4680.550167403042
CAND 257 0 4680.550167403042 4687.949652403042
CAND 366 0 4687.949652403042 4695.349137403042
CAND 356 0 4695.349137403042 4710.148108403042
CAND 369 0 4710.148108403042 4713.847850403042
CAND 341 0 4720.59193269325 4724.29167469325
CAND 355 0 4735.311893524669 4739.011635524669
CAND 320 0 4749.135137582589 4763.934108582589
CAND 360 0 4764.036988912114 4778.835959912114
CAND 351 0 4778.835959912114 4793.634930912114
CAND 86 0 4802.299986468622 4809.699471468622
CAND 418 0 4814.270544188091 4821.670029188091
CAND 415 0 4825.896313207218 4833.295798207218
CAND 162 0 4838.87740306145 4846.27688806145
CAND 419 0 4851.87087676269 4855.57061876269
CAND 423 0 4859.440450290249 4863.140192290249
CAND 42 0 4871.647816257545 4879.047301257545
CAND 124 0 4884.8110993374075 4892.210584337407
CAND 84 0 4892.360952249966 4907.159923249967
CAND 40 0 4907.159923249967 4921.958894249967
CAND 158 0 4921.958894249967 4936.757865249967
CAND 389 0 4936.757865249967 4940.457607249967
CAND 112 0 4940.457607249967 4947.857092249967
CAND 156 0 4947.857092249967 4955.2565772499665
CAND 116 0 4955.2565772499665 4958.956319249966
CAND 110 0 4959.755855498784 4974.554826498784
CAND 140 0 4974.554826498784 4978.254568498784
CAND 108 0 4978.254568498784 4985.6540534987835
CAND 106 0 4985.6540534987835 5000.453024498784
CAND 422 0 5000.453024498784 5004.152766498783
CAND 120 0 5006.830045238597 5021.629016238598
CAND 118 0 5021.629016238598 5036.427987238598
CAND 122 0 5036.427987238598 5051.226958238598
CAND 384 0 5051.226958238598 5054.926700238598
CAND 163 0 5054.926700238598 5062.326185238598
CAND 88 0 5071.052257331151 5078.451742331151
CAND 424 0 5080.821221402078 5095.620192402078
CAND 408 0 5095.620192402078 5103.019677402078
CAND 166 0 5107.973391112472 5122.772362112472
CAND 421 0 5124.388673684786 5128.088415684786
CAND 427 9 5227.0095692873 5241.8085402873
CAND 412 9 5241.8085402873 5245.5082822873
CAND 428 9 5245.5082822873 5260.3072532873
CAND 429 9 5260.3072532873 5264.0069952873
CAND 404 9 5264.0069952873 5278.8059662873
CAND 406 9 5278.8059662873 5286.2054512873
CAND 425 9 5286.2054512873 5293.6049362873
CAND 414 9 5293.6049362873 5297.3046782873
CAND 420 9 5297.3046782873 5304.7041632873
CAND 401 9 5304.7041632873 5308.4039052872995
CAND 426 9 5308.4039052872995 5323.2028762873
CAND 413 9 5323.2028762873 5330.6023612873
CAND 8 4 11479.83084076643 11494.62981176643
CAND 26 4 11494.62981176643 11498.32955376643
CAND 28 4 11498.32955376643 11505.72903876643
CAND 25 4 11505.72903876643 11509.428780766431
CAND 10 4 11509.428780766431 11513.128522766432
CAND 23 4 11513.128522766432 11520.528007766432
CAND 19 4 11520.528007766432 11524.227749766433
CAND 208 4 11524.227749766433 11531.627234766433
CAND 13 4 11531.627234766433 11539.026719766433
CAND 24 4 11539.026719766433 11542.726461766433
CAND 22 4 11542.726461766433 11550.125946766433
CAND 16 4 11550.125946766433 11553.825688766434
REC 0 8 529.0901320278645 532.7898740278645
REC 59 8 532.7898740278645 540.1893590278645
REC 51 8 540.1893590278645 554.9883300278645
REC 61 8 554.9883300278645 558.6880720278646
REC 97 8 558.6880720278646 573.4870430278646
REC 29 8 573.4870430278646 580.8865280278646
REC 55 8 580.8865280278646 588.2860130278647
REC 86 8 588.2860130278647 595.6854980278647
REC 19 8 595.6854980278647 610.4844690278647
REC 18 8 610.4844690278647 614.1842110278648
REC 64 8 614.1842110278648 621.5836960278648
REC 87 8 621.5836960278648 625.2834380278648
REC 93 8 625.2834380278648 628.9831800278648
REC 76 8 628.9831800278648 632.6829220278648
REC 43 8 632.6829220278648 640.0824070278649
REC 62 8 640.0824070278649 643.7821490278649
REC 99 8 643.7821490278649 647.4818910278649
REC 52 8 647.4818910278649 662.2808620278649
REC 65 8 662.2808620278649 665.980604027865
REC 5 8 665.980604027865 669.680346027865
REC 58 8 669.680346027865 677.079831027865
REC 78 8 677.079831027865 691.878802027865
REC 41 8 691.878802027865 699.2782870278651
REC 94 8 699.2782870278651 706.6777720278651
REC 36 8 706.6777720278651 721.4767430278652
REC 45 8 721.4767430278652 736.2757140278652
REC 10 8 736.2757140278652 751.0746850278653
REC 90 8 751.0746850278653 758.4741700278653
REC 84 8 758.4741700278653 762.1739120278653
REC 73 8 762.1739120278653 776.9728830278654
REC 75 8 776.9728830278654 784.3723680278654
REC 71 8 784.3723680278654 791.7718530278654
REC 3 8 791.7718530278654 795.4715950278654
REC 1 8 795.4715950278654 810.2705660278655
REC 22 8 810.2705660278655 813.9703080278655
REC 57 8 813.9703080278655 817.6700500278655
REC 16 8 817.6700500278655 821.3697920278655
REC 33 8 821.3697920278655 828.7692770278655
REC 4 8 828.7692770278655 843.5682480278656
REC 2 8 843.5682480278656 858.3672190278656
REC 35 8 858.3672190278656 873.1661900278657
REC 14 8 873.1661900278657 887.9651610278657
REC 39 8 887.9651610278657 895.3646460278658
REC 60 8 895.3646460278658 902.7641310278658
REC 66 8 902.7641310278658 917.5631020278659
REC 88 8 917.5631020278659 924.9625870278659
REC 91 8 924.9625870278659 932.3620720278659
REC 7 8 932.3620720278659 936.0618140278659
REC 89 8 936.0618140278659 950.860785027866
REC 98 8 950.860785027866 958.260270027866
REC 44 8 958.260270027866 961.960012027866
REC 21 8 961.960012027866 969.359497027866
REC 81 8 969.359497027866 984.1584680278661
REC 31 8 984.1584680278661 987.8582100278661
REC 6 8 987.8582100278661 1002.6571810278662
REC 70 8 1002.6571810278662 1006.3569230278662
REC 12 1 1651.1867406070232 1658.5862256070232
REC 69 1 1658.5862256070232 1665.985710607023
REC 50 1 1665.985710607023 1680.784681607023
REC 47 1 1680.784681607023 1684.484423607023
REC 20 1 1684.484423607023 1688.184165607023
REC 95 1 1688.184165607023 1695.583650607023
REC 23 1 1695.583650607023 1699.283392607023
REC 72 1 1699.283392607023 1702.983134607023
REC 28 1 1702.983134607023 1706.682876607023
REC 40 1 1706.682876607023 1714.082361607023
REC 48 1 1714.082361607023 1717.782103607023
REC 80 1 1717.782103607023 1725.1815886070228
REC 77 1 1725.1815886070228 1728.8813306070228
CAND 237 1 1728.8813306070228 1743.6803016070228
CAND 327 1 1743.6803016070228 1758.4792726070227
CAND 185 1 1781.386688678205 1785.086430678205
CAND 83 1 1814.3033956232564 1821.7028806232563
CAND 82 1 1822.1800433204126 1836.9790143204125
CAND 87 1 1849.630943073495 1857.030428073495
CAND 183 1 1858.2290449331153 1865.6285299331153
CAND 343 1 1891.6649941612907 1906.4639651612906
CAND 388 1 1927.3167665598926 1942.1157375598925
CAND 119 1 1942.1157375598925 1956.9147085598925
CAND 184 1 1956.9147085598925 1960.6144505598925
CAND 342 1 1982.6452536377592 1990.044738637759
CAND 155 1 2019.5809718661062 2023.2807138661062
CAND 152 1 2027.2100475167647 2042.0090185167646
CAND 43 1 2042.0090185167646 2049.4085035167645
CAND 38 1 2049.4085035167645 2064.2074745167647
CAND 157 1 2064.2074745167647 2071.6069595167646
CAND 256 1 2111.601422595267 2119.000907595267
CAND 340 1 2126.3998147964717 2141.198785796472
CAND 383 1 2168.28864236688 2183.0876133668803
CAND 41 1 2183.0876133668803 2197.8865843668805
CAND 402 1 2207.141982842253 2221.9409538422533
CAND 161 1 2221.9409538422533 2229.340438842253
CAND 416 10 2237.0502261832467 2251.849197183247
CAND 417 10 2251.849197183247 2259.2486821832467
CAND 380 10 2281.0294468852535 2284.7291888852533
CAND 390 10 2307.1290357187045 2310.8287777187043
CAND 382 10 2335.9683681513893 2339.668110151389
CAND 403 10 2376.3691856054706 2391.168156605471
CAND 409 10 2391.168156605471 2405.967127605471
CAND 410 10 2405.967127605471 2420.766098605471
CAND 209 6 8565.222198665142 8572.621683665142
CAND 213 6 8572.621683665142 8580.021168665142
CAND 216 6 8580.021168665142 8594.820139665142
CAND 218 6 8594.820139665142 8609.619110665142
CAND 217 6 8609.619110665142 8624.418081665142
CAND 220 6 8624.418081665142 8631.817566665142
CAND 219 6 8631.817566665142 8646.616537665142
CAND 210 6 8646.616537665142 8650.316279665143
CAND 326 6 8650.316279665143 8665.115250665143
CAND 240 6 8665.115250665143 8668.814992665144
CAND 236 6 8668.814992665144 8672.514734665145
CAND 249 6 8672.514734665145 8676.214476665145
CAND 255 6 8676.214476665145 8679.914218665146
CAND 252 6 8679.914218665146 8694.713189665146
CAND 246 6 8694.713189665146 8698.412931665147
CAND 242 6 8698.412931665147 8705.812416665147
CAND 371 6 8705.812416665147 8709.512158665148
CAND 368 6 8709.512158665148 8716.911643665147
CAND 362 6 8716.911643665147 8724.311128665147
CAND 339 6 8724.311128665147 8728.010870665148
CAND 346 6 8728.010870665148 8731.710612665149
CAND 324 6 8731.710612665149 8735.41035466515
CAND 323 6 8735.41035466515 8742.80983966515
CAND 345 6 8742.80983966515 8750.20932466515
CAND 344 6 8750.20932466515 8753.90906666515
CAND 243 6 8753.90906666515 8761.30855166515
CAND 350 6 8761.30855166515 8768.70803666515
CAND 361 6 8768.70803666515 8783.50700766515
CAND 347 6 8783.50700766515 8798.30597866515
CAND 363 6 8798.30597866515 8805.70546366515
CAND 338 6 8805.70546366515 8820.50443466515
CAND 359 6 8820.50443466515 8827.90391966515
CAND 168 6 8827.90391966515 8842.70289066515
CAND 165 6 8842.70289066515 8850.10237566515
CAND 400 6 8850.10237566515 8857.50186066515
CAND 391 6 8857.50186066515 8861.20160266515
CAND 9 7 13027.343212008476 13042.142183008476
CAND 29 7 13042.142183008476 13049.541668008476
CAND 27 7 13049.541668008476 13053.241410008477
CAND 7 7 13053.241410008477 13060.640895008477
CAND 21 7 13060.640895008477 13064.340637008478
CAND 15 7 13064.340637008478 13071.740122008478
CAND 1 7 13071.740122008478 13075.439864008478
CAND 3 7 13075.439864008478 13090.238835008478
CAND 18 7 13090.238835008478 13093.93857700848
CAND 5 7 13093.93857700848 13101.338062008479
CAND 12 7 13101.338062008479 13105.03780400848
CAND 53 7 13105.03780400848 13119.83677500848
CAND 54 7 13119.83677500848 13134.63574600848
CAND 56 7 13134.63574600848 13149.43471700848
CAND 55 7 13149.43471700848 13153.134459008481
CAND 60 7 13153.134459008481 13156.834201008482
CAND 59 7 13156.834201008482 13164.233686008482
CAND 48 7 13164.233686008482 13171.633171008481
CAND 49 7 13171.633171008481 13179.032656008481
CAND 51 7 13179.032656008481 13186.432141008481
CAND 57 7 13186.432141008481 13201.231112008481
CAND 50 7 13201.231112008481 13216.030083008482
CAND 52 7 13216.030083008482 13219.729825008482
CAND 58 7 13219.729825008482 13227.129310008482