360 660 0.0 7.399485902854087 Derrimut_1_0
258 558 7.916117279209812 15.3156031820639 Derrimut_0_0
517 1016 32.304692290740455 39.704178193594544 Sydney_0_0
411 711 56.005422017381655 63.40490792023574 Derrimut_1_1
309 609 63.92098810222069 71.32047400507477 Derrimut_0_1
569 1068 88.22343010637411 95.62291600922819 Sydney_0_1
151 357 129.75975659189302 137.1592424947471 Adelaide_1_0
47 253 137.65164338386785 145.05112928672193 Adelaide_0_0
203 409 145.66230928472234 153.06179518757642 Adelaide_1_1
99 305 153.55720037926451 160.9566862821186 Adelaide_0_1
8513 22577 664.6064604222775 672.0059463251315 Manila_1_0
8431 22495 672.1936071800384 679.5930930828924 Manila_0_0
8554 22618 679.8325574667264 687.2320433695804 Manila_1_1
8472 22536 687.4209902497049 694.820476152559 Manila_0_1
11203 32191 776.0597160160542 783.4592019189082 Kaohsiung_0_0
11483 32561 783.6738407091057 791.0733266119597 Tainan_1_0
11437 32515 791.3045863324955 798.7040722353496 Tainan_0_0
11708 32786 801.4404796957472 808.8399655986012 Teiyuan_0_0
11618 32696 808.8399655986012 816.2394515014553 Taoyuan_0_0
11528 32606 816.7581292910984 824.1576151939524 Taipei_0_0
11248 32236 824.5557827977235 831.9552687005776 Linkou_0_0
1657 5060 932.8197450041771 940.2192309070311 Guangzhou_1_0
11753 32831 948.6218863076722 956.0213722105262 Teiyuan_0_1
11663 32741 956.0213722105262 963.4208581133803 Taoyuan_0_1
11573 32651 963.9430641936694 971.3425500965235 Taipei_0_1
11293 32281 971.7433346405626 979.1428205434166 Linkou_0_1
2267 6137 984.036257836073 991.435743738927 Xiamen_0_0
11389 32377 994.7212322099157 1002.1207181127697 Nankan_1_0
11341 32329 1002.3744762793667 1009.7739621822208 Nankan_0_0
1849 5252 1015.3467968876657 1022.7462827905198 Ningbo_1_0
1750 5153 1023.1238150684554 1030.5233009713095 Ningbo_0_0
1898 5301 1031.0227763388389 1038.422262241693 Ningbo_1_1
1800 5203 1038.802002572742 1046.201488475596 Ningbo_0_1
2165 5568 1046.932663673105 1054.3321495759592 Shanghai_0_0
2215 5618 1054.4585369535312 1061.8580228563853 Shanghai_0_1
2060 5463 1063.3391719000217 1070.7386578028759 Qingdao_1_0
1952 5355 1071.131991765909 1078.5314776687633 Qingdao_0_0
9962 28247 1101.1092299764064 1108.5087158792605 Seoul_1_0
9913 28200 1109.0453629820258 1116.44484888488 Seoul_0_0
1422 4638 1143.2106526209266 1150.6101385237807 Beijing_0_0
995 2663 3836.5734743475914 3843.9729602504453 Curitiba_0_0
12790 36256 3890.2169014811516 3897.6163873840055 Montevideo_1_1
12682 36148 3897.7975090740647 3905.1969949769186 Montevideo_0_1
12736 36202 3905.4015693724864 3912.8010552753403 Montevideo_1_0
12628 36094 3912.9811566560516 3920.3806425589055 Montevideo_0_0
463 962 5739.460870116949 5746.8603560198035 Perth_0_0
1658 5061 6663.944383740425 6671.3438696432795 Guangzhou_1_0
1570 4973 6671.554036310146 6678.953522213001 Guangzhou_0_0
1702 5105 6679.196457454054 6686.595943356909 Guangzhou_1_1
1614 5017 6686.804895316613 6694.204381219467 Guangzhou_0_1
2268 6138 6759.239640682936 6766.63912658579 Xiamen_0_0
1522 4787 6781.6633302723385 6789.062816175193 Chongqing_1_0
1473 4738 6789.535225216199 6796.934711119054 Chongqing_0_0
1423 4639 7002.593474090099 7009.992959992954 Beijing_0_0
7091 18879 7259.468121886253 7266.867607789108 Almaty_0_0
7209 18997 7266.915550754585 7274.315036657439 Almaty_1_0
7150 18938 7274.325109303665 7281.72459520652 Almaty_0_1
7268 19056 7281.77309731548 7289.172583218335 Almaty_1_1
16027 44149 8528.507518291473 8535.907004194327 Medford_0_0
1208 3458 8560.755865130963 8568.155351033816 Brampton_0_0
15050 41537 8590.298619829535 8597.698105732388 Hebron_1_1
14947 41434 8598.228493515313 8605.627979418166 Hebron_0_1
14998 41485 8606.339051257402 8613.738537160256 Hebron_1_0
14895 41382 8614.269411525416 8621.66889742827 Hebron_0_0
17407 49424 8624.06622907644 8631.465714979293 Watertown_0_0
14323 40108 8660.083053867536 8667.48253977039 Elk Grove Village_0_1
14744 41184 8667.578328337007 8674.97781423986 Hanover Park_0_1
15448 42560 8675.053312590682 8682.452798493536 Joliet_0_0
13097 37266 8684.201291916212 8691.600777819065 Carmel_1_1
12999 37168 8691.751122029622 8699.150607932475 Carmel_0_1
13048 37217 8699.318325026137 8706.71781092899 Carmel_1_0
17607 49728 8706.917828319598 8714.317314222451 Whitestown_1_0
12951 37120 8714.366181370162 8721.765667273015 Carmel_0_0
15958 43508 8727.77474124114 8735.174227143994 Little Hocking_1_0
15909 43459 8735.463430247915 8742.862916150769 Little Hocking_0_0
16506 45897 8749.785013560237 8757.18449946309 New Johnsonville_0_1
17505 49522 8767.338438811214 8774.737924714067 West Columbia_0_1
17453 49470 8774.81600654319 8782.215492446043 West Columbia_0_0
17150 48714 8805.030813455582 8812.430299358435 Tampa_1_1
17052 48616 8812.837713879306 8820.23719978216 Tampa_0_1
17101 48665 8820.72555462621 8828.125040529063 Tampa_1_0
17004 48568 8828.535157299673 8835.934643202527 Tampa_0_0
6068 15526 12411.815970927477 12419.21545683033 Salem_1_0
5980 15438 12419.736998832244 12427.136484735098 Salem_0_0
6112 15570 12427.779634543573 12435.179120446426 Salem_1_1
6024 15482 12435.703287886698 12443.102773789551 Salem_0_1
5932 15216 12508.083140850067 12515.48262675292 Panjim_0_0
5531 13204 12550.482377499342 12557.881863402195 Calcultta_0_0
5576 13247 12557.996776435448 12565.396262338301 Calcultta_0_1
5776 14132 12598.303758770227 12605.703244673081 Indore_1_0
5731 14087 12606.038846486117 12613.43833238897 Indore_0_0
5871 14413 12615.08147996795 12622.480965870804 Kanpur_1_0
5825 14367 12622.849759771594 12630.249245674448 Kanpur_0_0
5673 13431 12701.388279050589 12708.787764953442 Chandigarh_1_0
5624 13382 12709.403388603316 12716.80287450617 Chandigarh_0_0
8335 22316 12724.933402061462 12732.332887964316 Lahore_1_0
7210 18998 12895.437177628279 12902.836663531132 Almaty_1_0
7092 18880 12903.29698478102 12910.696470683873 Almaty_0_0
7269 19057 12911.283360551772 12918.682846454625 Almaty_1_1
7151 18939 12919.14019678649 12926.539682689343 Almaty_0_1
1353 3603 14440.701252877712 14448.100738780566 Calgary_1_0
1281 3531 14448.175632040997 14455.57511794385 Calgary_0_0
1209 3459 14512.688230093747 14520.0877159966 Brampton_0_0
15393 42319 14541.063626985171 14548.463112888025 Ironton_1_0
15328 42254 14548.916925661026 14556.31641156388 Ironton_0_0
14324 40109 14572.040883181011 14579.440369083864 Elk Grove Village_0_1
14745 41185 14579.618070344472 14587.017556247325 Hanover Park_0_1
14276 40061 14587.298711245303 14594.698197148156 Elk Grove Village_0_0
13364 38347 14599.873922072391 14607.273407975244 Columbus_0_0
15449 42561 14612.24877926394 14619.648265166794 Joliet_0_0
13098 37267 14622.51380826151 14629.913294164364 Carmel_1_1
13000 37169 14630.05477124823 14637.454257151083 Carmel_0_1
13049 37218 14637.669861554932 14645.069347457786 Carmel_1_0
17353 49277 14647.629208468075 14655.028694370929 Vandalia_1_1
17257 49181 14655.231474062526 14662.63095996538 Vandalia_0_1
17305 49229 14662.92725449066 14670.326740393513 Vandalia_1_0
15260 41992 14674.390342460136 14681.78982836299 Huntsville_1_1
15208 41940 14681.844255905266 14689.243741808119 Huntsville_1_0
14443 40884 14695.306189229657 14702.70567513251 Grapevine_0_1
14495 40936 14703.065249772955 14710.464735675809 Grapevine_1_0
7604 20373 14745.836345940828 14753.235831843682 Monterrey_1_0
7558 20327 14753.832747214592 14761.232233117446 Monterrey_0_0
7457 19772 14811.57414546609 14818.973631368943 Aguascalientes_1_0
7413 19729 14819.642505426593 14827.041991329446 Aguascalientes_0_0
7787 20556 14840.770850174285 14848.170336077139 Pachuca_1_1
7696 20465 14848.584748970123 14855.984234872976 Pachuca_0_1
7741 20510 14856.507389596936 14863.90687549979 Pachuca_1_0
7650 20419 14864.31880711462 14871.718293017473 Pachuca_0_0
8186 22167 18593.932012289762 18601.331498192616 Karachi_0_0
6336 16784 18903.900098204613 18911.299584107466 Lod_0_0
6390 17033 18911.725307470126 18919.12479337298 Migdal Haemek_0_0
11806 33003 18962.42838975787 18969.827875660725 Ankara_0_0
12017 33214 19077.06321707368 19084.462702976532 Istanbul_1_1
8635 23383 19222.42460435629 19229.824090259142 Warsaw_0_0
8712 23460 19229.877694703668 19237.27718060652 Warsaw_0_1
11049 31233 19357.544243603945 19364.9437295068 Gothenburg_1_0
10871 31055 19364.97554860714 19372.375034509994 Gothenburg_0_0
11139 31323 19372.46482457223 19379.864310475084 Gothenburg_1_1
10960 31144 19379.896626712856 19387.29611261571 Gothenburg_0_1
1354 3604 20233.376344174147 20240.775830077 Calgary_1_0
1282 3532 20241.112984345345 20248.5124702482 Calgary_0_0
13623 39093 20505.01037159562 20512.409857498475 Denver_1_1
13523 38993 20512.47427698362 20519.873762886473 Denver_0_1
13573 39043 20519.97964135705 20527.379127259905 Denver_1_0
13473 38943 20527.44288283094 20534.842368733793 Denver_0_0
16945 47743 20539.635758462216 20547.03524436507 Salt Lake City_1_1
16847 47645 20547.205086285823 20554.604572188677 Salt Lake City_0_1
16896 47694 20554.861044408615 20562.26053031147 Salt Lake City_1_0
16797 47595 20562.428946878288 20569.82843278114 Salt Lake City_0_0
16725 46408 20572.68482483404 20580.084310736893 Phoenix_0_1
16672 46355 20580.139734973218 20587.53922087607 Phoenix_0_0
14226 40012 20632.787409961224 20640.186895864077 Elgin_1_1
13203 37570 20649.45367258884 20656.853158491693 Carson_0_1
15504 42820 20657.192814940077 20664.59230084293 Lakewood_0_0
13153 37520 20664.81784925609 20672.217335158944 Carson_0_0
17658 49779 20672.244068102522 20679.643554005375 Wilmington_0_0
11965 33162 20711.529861889234 20718.929347792087 Istanbul_1_0
11912 33109 20719.258724548312 20726.658210451165 Istanbul_0_1
11860 33057 20726.77081985944 20734.170305762294 Istanbul_0_0
9075 24663 20739.4601781193 20746.859664022155 Otopeni_0_1
9013 24601 20747.00803018004 20754.407516082894 Otopeni_0_0
1046 2806 20789.846266530163 20797.245752433017 Paranagua_0_0
9858 27812 23746.96391582489 23754.363401727744 Welkom_0_0
7842 21032 23760.264219605542 23767.663705508396 Maputo_0_0
7888 21078 23767.705858501507 23775.10534440436 Maputo_0_1
9263 25387 23780.012690012543 23787.412175915397 Bedfordview_0_0
9671 27529 23787.48312065049 23794.882606553343 Roodepoort_1_0
9578 27437 23795.003013443697 23802.40249934655 Roodepoort_0_0
9763 27620 23802.664284071474 23810.063769974327 Spartan_0_0
9309 25432 23810.119325592354 23817.518811495207 Bedfordview_0_1
9718 27576 23817.590061347106 23824.98954724996 Roodepoort_1_1
9625 27484 23825.110569602497 23832.51005550535 Roodepoort_0_1
9809 27665 23832.773142797403 23840.172628700257 Spartan_0_1
9480 27132 23841.65096313444 23849.050449037295 Polokwane_1_0
9387 27039 23849.21695997529 23856.616445878142 Polokwane_0_0
9526 27177 23856.80731304723 23864.206798950083 Polokwane_1_1
9433 27085 23864.374212988158 23871.77369889101 Polokwane_0_1
7314 19144 23882.511531049036 23889.91101695189 Lilongwe_0_0
7356 19186 23890.00654129483 23897.406027197685 Lilongwe_0_1
6337 16785 24581.458873927593 24588.858359830447 Lod_0_0
2503 7300 24602.555539489673 24609.955025392526 Alexandria_0_0
2552 7349 24610.0931075474 24617.492593450253 Alexandria_0_1
6391 17034 24632.366099648872 24639.765585551726 Migdal Haemek_0_0
6441 17084 24639.81108299317 24647.210568896022 Migdal Haemek_0_1
11807 33004 24707.892143785954 24715.291629688807 Ankara_0_0
12018 33215 24723.496840387583 24730.896326290436 Istanbul_1_1
3011 8696 24927.51005718112 24934.909543083973 Nice_0_0
3074 8759 24934.967671387854 24942.367157290708 Nice_0_1
696 1195 24952.44498801409 24959.844473916943 Graz_1_0
631 1130 24960.119393842477 24967.51887974533 Graz_0_0
6639 17754 24975.403035429346 24982.8025213322 Milan_1_0
6509 17624 24982.92144661022 24990.320932513074 Milan_0_0
6704 17819 24990.519352774365 24997.91883867722 Milan_1_1
6574 17689 24998.0388844512 25005.438370354055 Milan_0_1
9212 25201 25018.46866498453 25025.868150887385 Senec_1_0
9145 25134 25026.220136916985 25033.61962281984 Senec_0_0
829 1328 25038.85769718194 25046.257183084792 Linz_1_0
762 1261 25046.510346621333 25053.909832524187 Linz_0_0
4334 10429 25060.87784669237 25068.277332595222 Freiburg_0_0
4991 12344 25069.8730677437 25077.272553646555 Stuttgart_1_0
4856 12209 25077.415579580567 25084.81506548342 Stuttgart_0_0
4924 12277 25084.915435534607 25092.31492143746 Stuttgart_0_1
4778 11449 25092.581238499486 25099.98072440234 Mannheim_0_0
4192 10287 25100.694438531038 25108.09392443389 Frankfurt_1_0
4265 10360 25108.20217452711 25115.601660429962 Frankfurt_1_1
3972 9925 25115.735519522965 25123.13500542582 Dortmund_1_1
4555 10802 25125.865067238916 25133.26455314177 Hannover_1_0
4409 10656 25133.44908011 25140.848566012854 Hannover_0_0
3439 9395 25141.272822128507 25148.67230803136 Bremen_0_0
2450 7247 25156.369089625998 25163.76857552885 Hvidovre_1_0
2366 7163 25164.045755465304 25171.445241368157 Hvidovre_0_0
11050 31234 25173.41703917492 25180.816525077775 Gothenburg_1_0
10872 31056 25181.098167918437 25188.49765382129 Gothenburg_0_0
11140 31324 25188.99466397018 25196.394149873035 Gothenburg_1_1
10961 31145 25196.676914913365 25204.07640081622 Gothenburg_0_1
8132 21893 27883.500605791807 27890.90009169466 Hamilton_0_1
8076 21837 27890.940402970515 27898.33988887337 Hamilton_0_0
9859 27813 29538.731088668108 29546.13057457096 Welkom_0_0
7843 21033 29694.34436970949 29701.743855612345 Maputo_0_0
9264 25388 29704.410180016137 29711.80966591899 Bedfordview_0_0
9764 27621 29711.89888971039 29719.298375613245 Spartan_0_0
9672 27530 29719.462383647224 29726.861869550077 Roodepoort_1_0
9579 27438 29727.001564723407 29734.40105062626 Roodepoort_0_0
9310 25433 29734.666572986396 29742.06605888925 Bedfordview_0_1
9810 27666 29742.15455029435 29749.554036197205 Spartan_0_1
9719 27577 29749.71675193414 29757.11623783699 Roodepoort_1_1
9527 27178 29758.809082392625 29766.20856829548 Polokwane_1_1
10423 29978 30633.719480246305 30641.11896614916 Linares_1_0
10370 29925 30641.515460905724 30648.914946808578 Linares_0_0
10545 30423 30659.50039695877 30666.899882861624 Valencia_0_0
10251 29228 30677.221309686 30684.620795588853 El Prat De Llobregat_1_0
10195 29172 30685.135159875404 30692.534645778258 El Prat De Llobregat_0_0
8894 24372 30721.275591245627 30728.67507714848 Vila Franca Xira_1_0
8782 24260 30728.874067389836 30736.27355329269 Vila Franca Xira_0_0
3012 8697 30779.162820753678 30786.56230665653 Nice_0_0
6705 17820 30790.02948422827 30797.428970131125 Milan_1_1
6575 17690 30797.631548556295 30805.03103445915 Milan_0_1
2946 8432 30811.690277949732 30819.089763852586 Lyon_1_0
4857 12210 30826.32164121187 30833.721127114724 Stuttgart_0_0
4925 12278 30833.74859535492 30841.148081257772 Stuttgart_0_1
4779 11450 30841.848232104327 30849.24771800718 Mannheim_0_0
4193 10288 30849.784153263157 30857.18363916601 Frankfurt_1_0
5202 12552 30858.841105920805 30866.240591823658 Troisdorf-Spich_1_0
5130 12480 30866.449409426103 30873.848895328956 Troisdorf-Spich_0_0
3897 9850 30874.609239193924 30882.008725096777 Dortmund_1_0
3973 9926 30882.04312171683 30889.442607619683 Dortmund_1_1
12254 33800 30901.76359300346 30909.163078906313 Aylesford_0_1
12104 33650 30913.9373678267 30921.336853729554 Aberdeen_0_0
8133 21894 33567.4495049119 33574.84899081475 Hamilton_0_1
8077 21838 33574.916194260186 33582.31568016304 Hamilton_0_0
8895 24373 36611.12799522281 36618.52748112566 Vila Franca Xira_1_0
8783 24261 36618.63335936701 36626.03284526987 Vila Franca Xira_0_0
8951 24429 36626.14653784968 36633.54602375253 Vila Franca Xira_1_1
8839 24317 36633.651436845284 36641.05092274814 Vila Franca Xira_0_1
10601 30479 36669.0895075798 36676.48899348266 Vigo_0_0
10659 30537 36676.4940821087 36683.893568011554 Vigo_0_1
6197 16208 36843.07370528579 36850.47319118864 Shannon_0_0
6273 16284 36850.47501080007 36857.87449670293 Shannon_0_1
570 1069 39435.593395113945 39442.9928810168 Sydney_0_1
518 1017 39443.06402545742 39450.46351136027 Sydney_0_0
204 410 39493.416509360075 39500.81599526293 Adelaide_1_1
100 306 39501.149386607874 39508.54887251073 Adelaide_0_1
152 358 39509.00861511038 39516.408101013236 Adelaide_1_0
48 254 39516.74359564062 39524.14308154347 Adelaide_0_0
412 712 39545.27181665599 39552.67130255885 Derrimut_1_1
310 610 39553.23603119424 39560.63551709709 Derrimut_0_1
361 661 39561.3615141389 39568.761000041755 Derrimut_1_0
259 559 39569.323708223346 39576.7231941262 Derrimut_0_0
996 2664 41639.455768197775 41646.85525410063 Curitiba_0_0
1143 2952 41652.17978178146 41659.57926768431 Rio De Janeiro_1_0
1095 2904 41659.79836797781 41667.197853880665 Rio De Janeiro_0_0
900 2568 41670.904818537005 41678.30430443986 Campinas_0_0
948 2616 41678.31869734141 41685.718183244266 Campinas_0_1
6824 18461 44222.209970116615 44229.60945601947 Narita_0_1
6771 18408 44229.76734437566 44237.16683027851 Narita_0_0
7034 18773 44238.40181484605 44245.801300748906 Tokyo_1_1
6930 18669 44246.296742787286 44253.69622869014 Tokyo_0_1
6982 18721 44254.35323380247 44261.75271970532 Tokyo_1_0
6878 18617 44262.246573777775 44269.64605968063 Tokyo_0_0
9963 28248 44304.533489209796 44311.93297511265 Seoul_1_0
9914 28201 44312.13247888701 44319.531964789865 Seoul_0_0
2216 5619 44440.51335307956 44447.91283898241 Shanghai_0_1
2166 5569 44447.92277420721 44455.322260110064 Shanghai_0_0
1899 5302 44456.01374652982 44463.41323243267 Ningbo_1_1
1801 5204 44463.524847296074 44470.92433319893 Ningbo_0_1
1850 5253 44471.0478081542 44478.447294057056 Ningbo_1_0
1751 5154 44478.559432805094 44485.95891870795 Ningbo_0_0
11390 32378 44552.446762144566 44559.84624804742 Nankan_1_0
11342 32330 44559.94278753991 44567.342273442766 Nankan_0_0
11574 32652 44568.48744211308 44575.886928015934 Taipei_0_1
11294 32282 44576.05688976572 44583.456375668575 Linkou_0_1
11754 32832 44583.47281134903 44590.87229725188 Teiyuan_0_1
11664 32742 44590.87229725188 44598.271783154734 Taoyuan_0_1
11529 32607 44598.47426339954 44605.873749302395 Taipei_0_0
11249 32237 44606.04457905642 44613.44406495927 Linkou_0_0
11619 32697 44613.46052272272 44620.860008625576 Taoyuan_0_0
11484 32562 44621.3563554149 44628.755841317754 Tainan_1_0
11438 32516 44628.8656895668 44636.265175469656 Tainan_0_0
11204 32192 44636.366036572 44643.76552247485 Kaohsiung_0_0
8555 22619 44684.07436749339 44691.473853396245 Manila_1_1
8473 22537 44691.6381601569 44699.037646059754 Manila_0_1
8514 22578 44699.22982877883 44706.62931468168 Manila_1_0
8432 22496 44706.794562810865 44714.19404871372 Manila_0_0
464 963 45371.757429778576 45379.15691568143 Perth_0_0
9076 24664 45389.55386106242 45396.953346965274 Otopeni_0_1
9014 24602 45396.96229540362 45404.36178130647 Otopeni_0_0
11913 33110 45407.38889374977 45414.78837965262 Istanbul_0_1
11861 33058 45414.81653615556 45422.21602205841 Istanbul_0_0
11966 33163 45422.414472587974 45429.81395849083 Istanbul_1_0
12737 36203 47203.05864241719 47210.458128320046 Montevideo_1_0
12629 36095 47211.03827281435 47218.437758717206 Montevideo_0_0
12791 36257 47219.18002653597 47226.579512438824 Montevideo_1_1
12683 36149 47227.161211604165 47234.56069750702 Montevideo_0_1
997 2665 47369.35818627477 47376.75767217762 Curitiba_0_0
1144 2953 47523.09331664443 47530.492802547284 Rio De Janeiro_1_0
1096 2905 47530.5671116594 47537.966597562256 Rio De Janeiro_0_0
901 2569 47540.355610347084 47547.75509624994 Campinas_0_0
949 2617 47547.803050686794 47555.20253658965 Campinas_0_1
17102 48666 48357.36478424072 48364.764270143576 Tampa_1_0
17005 48569 48364.89445752245 48372.293943425306 Tampa_0_0
17151 48715 48372.47524939349 48379.87473529634 Tampa_1_1
17053 48617 48380.005946407386 48387.40543231024 Tampa_0_1
13876 39468 48436.855217158794 48444.25470306165 Edison_0_0
13925 39517 48444.30298178097 48451.70246768383 Edison_0_1
14597 41038 48482.96305280924 48490.36253871209 Greenville_0_0
14648 41089 48490.4023008099 48497.80178671276 Greenville_0_1
17454 49471 48503.10391348226 48510.50339938511 West Columbia_0_0
17506 49523 48510.58840643308 48517.987892335936 West Columbia_0_1
15860 43410 48521.06991706054 48528.46940296339 Lawrenceville_0_0
13308 37946 48530.34310582283 48537.742591725684 Chelsea_1_0
13258 37896 48537.83423785945 48545.23372376231 Chelsea_0_0
13979 39765 48546.00242358131 48553.401909484164 Edwardsville_0_0
14030 39816 48553.452981131646 48560.8524670345 Edwardsville_0_1
15209 41941 48561.162981197966 48568.56246710082 Huntsville_1_0
15261 41993 48568.612113398114 48576.01159930097 Huntsville_1_1
13775 39245 48591.265927254564 48598.66541315742 Dulles_1_0
13674 39144 48599.09006170761 48606.489547610465 Dulles_0_0
12850 36772 48608.82348747392 48616.222973376774 Baltimore_0_0
13825 39295 48617.97407262967 48625.37355853253 Dulles_1_1
8714 23462 48667.5084621284 48674.90794803125 Warsaw_0_1
9964 28249 50159.28113237023 50166.68061827309 Seoul_1_0
9915 28202 50166.78281656362 50174.18230246647 Seoul_0_0
1424 4640 50191.65285269557 50199.05233859843 Beijing_0_0
2116 5519 50210.798173283285 50218.19765918614 Qingdao_1_1
2008 5411 50218.44463497584 50225.84412087869 Qingdao_0_1
2062 5465 50226.19121886708 50233.59070476994 Qingdao_1_0
1954 5357 50233.83585749359 50241.235343396445 Qingdao_0_0
2217 5620 50247.41329959035 50254.8127854932 Shanghai_0_1
2167 5570 50254.879930873154 50262.27941677601 Shanghai_0_0
1900 5303 50276.77248969674 50284.171975599595 Ningbo_1_1
1802 5205 50284.32625830148 50291.725744204334 Ningbo_0_1
1851 5254 50291.93999957789 50299.33948548074 Ningbo_1_0
1752 5155 50299.492553316944 50306.8920392198 Ningbo_0_0
11391 32379 50343.40786498785 50350.807350890704 Nankan_1_0
11343 32331 50350.97334028007 50358.372826182924 Nankan_0_0
2269 6139 50363.03435045481 50370.43383635766 Xiamen_0_0
11485 32563 50410.58880633116 50417.98829223401 Tainan_1_0
11439 32517 50418.12654726544 50425.526033168295 Tainan_0_0
1703 5106 50436.24382490577 50443.64331080862 Guangzhou_1_1
1615 5018 50444.085482516544 50451.4849684194 Guangzhou_0_1
1659 5062 50452.04727390428 50459.446759807135 Guangzhou_1_0
1571 4974 50459.88645649507 50467.285942397924 Guangzhou_0_0
14325 40110 50507.656336734966 50515.05582263782 Elk Grove Village_0_1
14746 41186 50515.22819605594 50522.627681958795 Hanover Park_0_1
7742 20511 54078.806164860725 54086.20565076358 Pachuca_1_0
7651 20420 54086.576567200274 54093.97605310313 Pachuca_0_0
7788 20557 54094.448673979256 54101.84815988211 Pachuca_1_1
7697 20466 54102.2213699922 54109.62085589505 Pachuca_0_1
7458 19773 54142.93810683489 54150.33759273774 Aguascalientes_1_0
7414 19730 54150.55551363355 54157.95499953641 Aguascalientes_0_0
17103 48667 54217.40964245796 54224.809128360816 Tampa_1_0
17006 48570 54224.93986169006 54232.33934759291 Tampa_0_0
17152 48716 54232.485761542426 54239.88524744528 Tampa_1_1
17054 48618 54240.015333296 54247.41481919886 Tampa_0_1
17455 49472 54348.22626066208 54355.62574656493 West Columbia_0_0
13980 39766 54359.08208402306 54366.48156992591 Edwardsville_0_0
17507 49524 54369.944771790346 54377.3442576932 West Columbia_0_1
15861 43411 54379.33860479315 54386.738090696 Lawrenceville_0_0
14031 39817 54388.18300656137 54395.58249246422 Edwardsville_0_1
14496 40937 54407.30970783392 54414.70919373677 Grapevine_1_0
14391 40832 54415.16554017254 54422.56502607539 Grapevine_0_0
14796 41283 54429.11569857733 54436.51518448018 Hazelwood_0_0
15450 42562 54440.47548089758 54447.87496680043 Joliet_0_0
14698 41138 54447.88143609888 54455.28092200174 Hanover Park_0_0
15395 42321 54463.16462010145 54470.564106004305 Ironton_1_0
15330 42256 54470.89180616719 54478.29129207004 Ironton_0_0
1355 3605 54613.30070921779 54620.70019512064 Calgary_1_0
1283 3533 54620.8678472665 54628.26733316935 Calgary_0_0
7270 19058 56035.704706043005 56043.10419194586 Almaty_1_1
7152 18940 56043.25341070912 56050.65289661197 Almaty_0_1
7211 18999 56050.81906754065 56058.218553443505 Almaty_1_0
7093 18881 56058.3685905574 56065.768076460256 Almaty_0_0
8387 22368 56253.099791646004 56260.49927754886 Lahore_1_1
8285 22266 56260.64860354935 56268.048089452204 Lahore_0_1
8336 22317 56268.21616747379 56275.61565337664 Lahore_1_0
8235 22216 56275.76576005098 56283.16524595383 Lahore_0_0
5674 13432 56286.21609684743 56293.61558275028 Chandigarh_1_0
5625 13383 56293.84238180728 56301.24186771013 Chandigarh_0_0
5307 12807 56337.644856628554 56345.04434253141 Ahmedabad_0_1
5259 12759 56345.18844948536 56352.58793538821 Ahmedabad_0_0
5577 13248 56368.65245745018 56376.051943353035 Calcultta_0_1
5532 13205 56376.20488678342 56383.60437268627 Calcultta_0_0
5933 15217 56502.485388189554 56509.88487409241 Panjim_0_0
6113 15571 56522.00287567373 56529.402361576584 Salem_1_1
6025 15483 56529.97728585858 56537.37677176143 Salem_0_1
7509 20098 60150.33389481902 60157.733380721875 Matamoros_0_0
14179 39965 60177.625941991806 60185.02542789466 Elgin_1_0
14081 39867 60185.2211394539 60192.62062535675 Elgin_0_0
14228 40014 60192.84422326049 60200.24370916334 Elgin_1_1
14130 39916 60200.43830549599 60207.837791398844 Elgin_0_1
16674 46357 60209.52371019476 60216.92319609761 Phoenix_0_0
16727 46410 60216.96085162936 60224.36033753221 Phoenix_0_1
17659 49780 60238.16394723969 60245.563433142546 Wilmington_0_0
15505 42821 60246.017108681 60253.416594583854 Lakewood_0_0
13154 37521 60253.834979164145 60261.234465067 Carson_0_0
13204 37571 60261.35999704323 60268.75948294609 Carson_0_1
16897 47695 60323.788833498955 60331.18831940181 Salt Lake City_1_0
16798 47596 60331.36303189413 60338.76251779698 Salt Lake City_0_0
16946 47744 60338.95987651321 60346.359362416064 Salt Lake City_1_1
16848 47646 60346.53307552416 60353.93256142701 Salt Lake City_0_1
1356 3606 60485.59468588233 60492.99417178518 Calgary_1_0
1284 3534 60493.152625154326 60500.55211105718 Calgary_0_0
7271 19059 61891.20134276152 61898.60082866437 Almaty_1_1
7153 18941 61898.75344486185 61906.15293076471 Almaty_0_1
7212 19000 61906.39224423969 61913.79173014254 Almaty_1_0
7094 18882 61913.943007141585 61921.34249304444 Almaty_0_0
8388 22369 62121.56098559499 62128.96047149784 Lahore_1_1
8286 22267 62129.08017830633 62136.47966420918 Lahore_0_1
5675 13433 62183.870877087116 62191.27036298997 Chandigarh_1_0
5626 13384 62191.34933166577 62198.74881756862 Chandigarh_0_0
8337 22318 62200.30245419001 62207.70194009286 Lahore_1_0
8236 22217 62207.820653954084 62215.22013985694 Lahore_0_0
8187 22168 62220.737749182 62228.137235084854 Karachi_0_0
5873 14415 62335.051867097616 62342.45135300047 Kanpur_1_0
5827 14369 62342.53614025784 62349.935626160695 Kanpur_0_0
5483 13069 62350.51018188126 62357.909667784115 Baroda_1_1
5395 12981 62358.01219114985 62365.4116770527 Baroda_0_1
5439 13025 62365.55050272931 62372.949988632165 Baroda_1_0
5351 12937 62373.05171247313 62380.45119837598 Baroda_0_0
5778 14134 62381.096241277875 62388.49572718073 Indore_1_0
5733 14089 62388.58338972978 62395.98287563263 Indore_0_0
7844 21034 63285.43272969127 63292.83221559412 Maputo_0_0
8637 23385 67844.35263299942 67851.75211890228 Warsaw_0_0
12019 33216 67918.20397114754 67925.6034570504 Istanbul_1_1
11808 33005 67931.91965822743 67939.31914413029 Ankara_0_0
6442 17085 68007.77000406384 68015.1694899667 Migdal Haemek_0_1
6392 17035 68015.3179423164 68022.71742821926 Migdal Haemek_0_0
6338 16786 68027.01167079806 68034.41115670092 Lod_0_0
2553 7350 68066.84200659394 68074.2414924968 Alexandria_0_1
2504 7301 68074.30106572468 68081.70055162754 Alexandria_0_0
7357 19187 68780.87903732061 68788.27852322347 Lilongwe_0_1
7315 19145 68788.3306722798 68795.73015818266 Lilongwe_0_0
9528 27179 68930.65195032954 68938.0514362324 Polokwane_1_1
9435 27087 68938.4591507363 68945.85863663915 Polokwane_0_1
9482 27134 68946.34242130886 68953.74190721172 Polokwane_1_0
9389 27041 68954.14697759888 68961.54646350174 Polokwane_0_0
7845 21035 68981.12439608574 68988.5238819886 Maputo_0_0
9811 27667 68997.21380906654 69004.6132949694 Spartan_0_1
9720 27578 69005.10283733733 69012.50232324019 Roodepoort_1_1
9311 25434 69012.78832063652 69020.18780653938 Bedfordview_0_1
9627 27486 69020.94761920783 69028.34710511069 Roodepoort_0_1
9765 27622 69029.40159407847 69036.80107998133 Spartan_0_0
9673 27531 69037.28751351775 69044.6869994206 Roodepoort_1_0
9265 25389 69044.97115996397 69052.37064586683 Bedfordview_0_0
9580 27439 69053.12561585856 69060.52510176142 Roodepoort_0_0
9860 27814 69062.75994417164 69070.1594300745 Welkom_0_0
8715 23463 69076.9869169807 69084.38640288357 Warsaw_0_1
9077 24665 69101.48816060236 69108.88764650522 Otopeni_0_1
9015 24603 69108.99699749603 69116.39648339889 Otopeni_0_0
11967 33164 69120.93676845432 69128.33625435719 Istanbul_1_0
11914 33111 69128.51205125656 69135.91153715942 Istanbul_0_1
11862 33059 69135.97697302514 69143.376458928 Istanbul_0_0
11142 31326 73531.1758851409 73538.57537104376 Gothenburg_1_1
10963 31147 73538.80143741006 73546.20092331292 Gothenburg_0_1
11052 31236 73546.49327007194 73553.8927559748 Gothenburg_1_0
10874 31058 73554.12088627278 73561.52037217564 Gothenburg_0_0
12105 33651 73648.87836426497 73656.27785016783 Aberdeen_0_0
2452 7249 73668.75304949714 73676.1525354 Hvidovre_1_0
2368 7165 73676.41953768548 73683.81902358834 Hvidovre_0_0
8638 23386 73706.13152876533 73713.53101466819 Warsaw_0_0
3673 9629 73739.99357622398 73747.39306212684 Bremen_1_1
3518 9474 73747.60258611928 73755.00207202214 Bremen_0_1
3595 9551 73755.25561470169 73762.65510060455 Bremen_1_0
12476 34320 73770.83726796918 73778.23675387204 Birmingham_0_0
12550 34394 73778.30378675813 73785.70327266099 Birmingham_1_0
3974 9927 73792.49602506564 73799.8955109685 Dortmund_1_1
3823 9779 73800.08947033681 73807.48895623967 Dortmund_0_1
3898 9851 73807.71799550476 73815.11748140762 Dortmund_1_0
5203 12553 73815.3669386553 73822.76642455815 Troisdorf-Spich_1_0
4267 10362 73824.92895490966 73832.32844081252 Frankfurt_1_1
4194 10289 73832.37871955645 73839.77820545931 Frankfurt_1_0
4780 11451 73840.14371611305 73847.5432020159 Mannheim_0_0
5061 12414 73849.06288933622 73856.46237523908 Stuttgart_1_1
4926 12279 73856.72928714813 73864.128773051 Stuttgart_0_1
4336 10431 73865.84217619446 73873.24166209732 Freiburg_0_0
6706 17821 73876.5051359948 73883.90462189766 Milan_1_1
6576 17691 73884.2151706483 73891.61465655116 Milan_0_1
6511 17626 73891.68313551293 73899.08262141579 Milan_0_0
3076 8761 73901.78402031373 73909.18350621659 Nice_0_1
3013 8698 73909.23329858114 73916.632784484 Nice_0_0
8078 21839 76833.69270560145 76841.09219150431 Hamilton_0_0
8134 21895 76841.16216814298 76848.56165404584 Hamilton_0_1
11143 31327 79409.21786469221 79416.61735059507 Gothenburg_1_1
10964 31148 79416.74443716464 79424.1439230675 Gothenburg_0_1
11053 31237 79424.40722978652 79431.80671568938 Gothenburg_1_0
10875 31059 79431.9324742733 79439.33196017616 Gothenburg_0_0
2453 7250 79454.10549601912 79461.50498192199 Hvidovre_1_0
2369 7166 79461.60982256486 79469.00930846772 Hvidovre_0_0
12106 33652 79490.97083122196 79498.37031712482 Aberdeen_0_0
3365 9321 79524.78258872032 79532.18207462318 Berlin_1_0
3291 9247 79532.25954966787 79539.65903557073 Berlin_0_0
3674 9630 79542.77399491023 79550.17348081309 Bremen_1_1
3519 9475 79550.30442781738 79557.70391372024 Bremen_0_1
3596 9552 79557.94711282791 79565.34659873077 Bremen_1_0
3442 9398 79565.47624262761 79572.87572853047 Bremen_0_0
4632 10879 79574.01958676643 79581.41907266929 Hannover_1_1
4485 10732 79581.53272624308 79588.93221214594 Hannover_0_1
4558 10805 79589.14507153322 79596.54455743608 Hannover_1_0
4412 10659 79596.6570397456 79604.05652564846 Hannover_0_0
3975 9928 79605.20514121786 79612.60462712072 Dortmund_1_1
3824 9780 79612.74266257114 79620.142148474 Dortmund_0_1
3899 9852 79620.38913194255 79627.7886178454 Dortmund_1_0
5204 12554 79627.95980864088 79635.35929454374 Troisdorf-Spich_1_0
5132 12482 79635.4955589268 79642.89504482967 Troisdorf-Spich_0_0
12328 33874 79651.23824014456 79658.63772604743 Aylesford_1_0
2817 8232 79662.63614408777 79670.03562999063 Bordeaux_1_1
2690 8105 79670.2896832092 79677.68916911205 Bordeaux_0_1
2753 8168 79678.07318494811 79685.47267085097 Bordeaux_1_0
2627 8042 79685.72487567746 79693.12436158033 Bordeaux_0_0
10488 30154 79697.82971093446 79705.22919683732 Santander_0_0
10782 30660 79707.88938581091 79715.28887171377 Vitoria-Gasteiz_0_1
10721 30599 79715.42967414073 79722.82916004359 Vitoria-Gasteiz_0_0
10660 30538 79737.84615562981 79745.24564153267 Vigo_0_1
10602 30480 79745.42664063755 79752.82612654041 Vigo_0_0
8952 24430 79755.87426346958 79763.27374937244 Vila Franca Xira_1_1
8840 24318 79763.80821226738 79771.20769817024 Vila Franca Xira_0_1
8079 21840 82814.96511405706 82822.36459995992 Hamilton_0_0
8135 21896 82822.40443890846 82829.80392481132 Hamilton_0_1
362 662 82884.94221251475 82892.34169841761 Derrimut_1_0
260 560 82892.4964784222 82899.89596432506 Derrimut_0_0
413 713 82900.06949653917 82907.46898244203 Derrimut_1_1
311 611 82907.6245886761 82915.02407457896 Derrimut_0_1
519 1018 82926.57032814613 82933.96981404899 Sydney_0_0
571 1070 82934.06449037338 82941.46397627624 Sydney_0_1
153 359 82975.12628018856 82982.52576609142 Adelaide_1_0
49 255 82982.59563513566 82989.99512103852 Adelaide_0_0
205 411 82990.06785520221 82997.46734110508 Adelaide_1_1
101 307 82997.53745845825 83004.9369443611 Adelaide_0_1
6983 18722 83946.65494468808 83954.05443059094 Tokyo_1_0
6879 18618 83954.6392251139 83962.03871101676 Tokyo_0_0
6772 18409 83964.17483852325 83971.57432442611 Narita_0_0
7035 18774 83972.9630397701 83980.36252567296 Tokyo_1_1
6931 18670 83980.94587608846 83988.34536199132 Tokyo_0_1
6825 18462 83990.47554492329 83997.87503082615 Narita_0_1
2117 5520 84229.59226819873 84236.99175410159 Qingdao_1_1
12107 33653 85372.75856426358 85380.15805016644 Aberdeen_0_0
6275 16286 85456.56277060509 85463.96225650795 Shannon_0_1
6199 16210 85464.0304220375 85471.42990794036 Shannon_0_0
