1337 3587 888.219246506691 895.618732409545 Calgary_1_0
1265 3515 895.7325352837499 903.132021186604 Calgary_0_0
15377 42303 945.8456399499124 953.2451258527665 Ironton_1_0
15312 42238 953.5675730988607 960.9670590017148 Ironton_0_0
13403 38386 1089.9763918817043 1097.3758777845585 Columbus_1_0
13353 38336 1097.4326756801418 1104.832161582996 Columbus_0_0
14265 40050 1108.0924268032302 1115.4919127060843 Elk Grove Village_0_0
14686 41126 1115.59893090476 1122.9984168076141 Hanover Park_0_0
15438 42550 1123.2544234322734 1130.6539093351275 Joliet_0_0
13087 37256 1132.4652649629397 1139.864750865794 Carmel_1_1
12989 37158 1139.9510756387301 1147.3505615415843 Carmel_0_1
12941 37110 1147.403128765822 1154.8026146686761 Carmel_0_0
17197 49121 1156.2806941300514 1163.6801800329056 Vandalia_0_0
14831 41318 1164.4611516530042 1171.8606375558584 Hazelwood_1_0
14783 41270 1172.002090605131 1179.401576507985 Hazelwood_0_0
14531 40972 1179.6919994399373 1187.0914853427914 Grapevine_1_1
14479 40920 1187.1568202491353 1194.5563061519895 Grapevine_1_0
7593 20362 1237.8546415269375 1245.2541274297917 Monterrey_1_0
7547 20316 1245.6122749436663 1253.0117608465205 Monterrey_0_0
7498 20087 1270.8222623498825 1278.2217482527367 Matamoros_0_0
7731 20500 1345.5692201852798 1352.968706088134 Pachuca_1_0
7640 20409 1353.1861249326557 1360.58561083551 Pachuca_0_0
6324 16772 5282.050091356039 5289.449577258893 Lod_0_0
6378 17021 5290.141631768988 5297.541117671843 Migdal Haemek_0_0
6428 17071 5297.595972897713 5304.995458800568 Migdal Haemek_0_1
11794 32991 5384.618612796068 5392.018098698923 Ankara_0_0
11951 33148 5457.756157100201 5465.155643003055 Istanbul_1_0
11846 33043 5465.2351556367785 5472.634641539633 Istanbul_0_0
12003 33200 5472.765386759189 5480.164872662043 Istanbul_1_1
11898 33095 5480.245168313796 5487.64465421665 Istanbul_0_1
8998 24586 5534.503628581762 5541.903114484617 Otopeni_0_0
9060 24648 5541.95459638036 5549.354082283215 Otopeni_0_1
8619 23367 5645.2482242286205 5652.647710131475 Warsaw_0_0
8696 23444 5652.716431473401 5660.115917376255 Warsaw_0_1
2429 7226 5786.289126306772 5793.688612209627 Hvidovre_1_0
2345 7142 5793.726785384638 5801.126271287492 Hvidovre_0_0
11028 31212 5801.821738840213 5809.221224743067 Gothenburg_1_0
10850 31034 5809.264772301085 5816.664258203939 Gothenburg_0_0
11118 31302 5816.778207885692 5824.177693788546 Gothenburg_1_1
10939 31123 5824.221859893052 5831.621345795907 Gothenburg_0_1
1338 3588 6722.034682869911 6729.434168772766 Calgary_1_0
1266 3516 6729.664483820164 6737.063969723018 Calgary_0_0
16935 47733 6930.358392208815 6937.757878111669 Salt Lake City_1_1
16836 47634 6937.86143036929 6945.260916272145 Salt Lake City_0_1
16886 47684 6945.425032994593 6952.824518897447 Salt Lake City_1_0
16786 47584 6952.927106240564 6960.326592143419 Salt Lake City_0_0
16712 46395 7115.302404075861 7122.701889978715 Phoenix_0_1
16659 46342 7122.73882814416 7130.138314047014 Phoenix_0_0
13189 37556 7134.623092100908 7142.022578003763 Carson_0_1
15490 42806 7142.225252068675 7149.62473797153 Lakewood_0_0
13139 37506 7149.752451830632 7157.151937733486 Carson_0_0
17645 49766 7157.1696521390095 7164.569138041864 Wilmington_0_0
9846 27800 10169.599285632372 10176.998771535225 Welkom_0_0
7832 21022 10187.75595063465 10195.155436537503 Maputo_0_0
7878 21068 10195.246795658555 10202.646281561409 Maputo_0_1
9252 25377 10211.553792796558 10218.953278699411 Bedfordview_0_0
9660 27519 10219.080470210478 10226.479956113331 Roodepoort_1_0
9752 27610 10226.737748746302 10234.137234649155 Spartan_0_0
9567 27426 10234.61258229494 10242.012068197793 Roodepoort_0_0
9298 25422 10242.392173675364 10249.791659578217 Bedfordview_0_1
9707 27565 10249.919588169205 10257.319074072058 Roodepoort_1_1
9798 27655 10257.57841960304 10264.977905505893 Spartan_0_1
9614 27473 10265.456081682725 10272.855567585579 Roodepoort_0_1
9469 27121 10276.15077149764 10283.550257400493 Polokwane_1_0
9377 27030 10283.856637827814 10291.256123730667 Polokwane_0_0
9516 27168 10291.617744214753 10299.017230117606 Polokwane_1_1
9423 27075 10299.325544996595 10306.725030899448 Polokwane_0_1
7304 19134 10326.263175487518 10333.662661390372 Lilongwe_0_0
7346 19176 10333.814712193944 10341.214198096797 Lilongwe_0_1
2493 7290 11056.165705800056 11063.56519170291 Alexandria_0_0
6325 16773 11095.462244451046 11102.8617303539 Lod_0_0
2542 7339 11110.872852955796 11118.27233885865 Alexandria_0_1
6379 17022 11126.990741828979 11134.390227731832 Migdal Haemek_0_0
6429 17072 11134.409141653372 11141.808627556225 Migdal Haemek_0_1
11795 32992 11216.910631090403 11224.310116993256 Ankara_0_0
11952 33149 11229.088809773133 11236.488295675987 Istanbul_1_0
11847 33044 11236.773031364486 11244.17251726734 Istanbul_0_0
12004 33201 11244.510708042599 11251.910193945452 Istanbul_1_1
11899 33096 11252.192963495068 11259.592449397922 Istanbul_0_1
8999 24587 11269.198698371649 11276.598184274502 Otopeni_0_0
9061 24649 11276.682561379252 11284.082047282105 Otopeni_0_1
10237 29214 11441.680658191442 11449.080144094296 El Prat De Llobregat_1_0
10181 29158 11449.141499622374 11456.540985525227 El Prat De Llobregat_0_0
2997 8682 11460.266554448992 11467.666040351845 Nice_0_0
3060 8745 11467.746720756624 11475.146206659478 Nice_0_1
6690 17805 11478.15963429204 11485.559120194894 Milan_1_1
6560 17675 11485.748523035942 11493.148008938795 Milan_0_1
4319 10414 11493.25837089241 11500.657856795264 Freiburg_0_0
4977 12330 11503.034453224322 11510.433939127175 Stuttgart_1_0
4910 12263 11510.520062400372 11517.919548303225 Stuttgart_0_1
4763 11434 11518.394827955724 11525.794313858578 Mannheim_0_0
4176 10271 11526.804587420396 11534.20407332325 Frankfurt_1_0
3954 9907 11534.447134014506 11541.84661991736 Dortmund_1_1
4393 10640 11545.532324063106 11552.93180996596 Hannover_0_0
3576 9532 11553.415853978333 11560.815339881186 Bremen_1_0
2430 7227 11570.749835816418 11578.149321719271 Hvidovre_1_0
2346 7143 11578.50881466448 11585.908300567333 Hvidovre_0_0
11029 31213 11587.915623546605 11595.315109449459 Gothenburg_1_0
10851 31035 11595.665178385983 11603.064664288837 Gothenburg_0_0
11119 31303 11603.639752832385 11611.039238735239 Gothenburg_1_1
8008 21712 14281.195562928915 14288.595048831769 Auckland_0_0
8120 21881 14289.13681362555 14296.536299528403 Hamilton_0_1
8064 21825 14296.594251713132 14303.993737615985 Hamilton_0_0
9847 27801 16065.144034773111 16072.543520675965 Welkom_0_0
9253 25378 16142.341568768024 16149.741054670878 Bedfordview_0_0
9661 27520 16149.782902771549 16157.182388674402 Roodepoort_1_0
9753 27611 16157.276107673262 16164.675593576116 Spartan_0_0
9568 27427 16164.848285269192 16172.247771172046 Roodepoort_0_0
9299 25423 16172.401165948215 16179.800651851068 Bedfordview_0_1
9615 27474 16179.920463328406 16187.31994923126 Roodepoort_0_1
10411 29966 17105.124677449465 17112.52416335232 Linares_1_0
10358 29913 17113.0734402969 17120.472926199753 Linares_0_0
10532 30410 17132.49349727161 17139.892983174464 Valencia_0_0
8882 24360 17165.030676753984 17172.430162656838 Vila Franca Xira_1_0
8770 24248 17172.761300504935 17180.16078640779 Vila Franca Xira_0_0
8938 24416 17180.6265774477 17188.026063350553 Vila Franca Xira_1_1
8826 24304 17188.35920013813 17195.758686040983 Vila Franca Xira_0_1
10238 29215 17229.258845724078 17236.65833162693 El Prat De Llobregat_1_0
2998 8683 17245.179798373287 17252.57928427614 Nice_0_0
3061 8746 17252.602750332255 17260.00223623511 Nice_0_1
6561 17676 17261.891348664143 17269.290834566997 Milan_0_1
2931 8417 17273.504394761123 17280.903880663976 Lyon_1_0
4978 12331 17307.999997109175 17315.39948301203 Stuttgart_1_0
4911 12264 17315.50646484289 17322.905950745742 Stuttgart_0_1
4764 11435 17323.390661585854 17330.790147488708 Mannheim_0_0
4177 10272 17331.102511800567 17338.50199770342 Frankfurt_1_0
4105 10200 17338.610503201086 17346.00998910394 Frankfurt_0_1
5186 12536 17347.030852433392 17354.430338336246 Troisdorf-Spich_1_0
5115 12465 17354.56750224656 17361.966988149412 Troisdorf-Spich_0_0
3880 9833 17362.421411487256 17369.82089739011 Dortmund_1_0
3729 9685 17369.94994165043 17377.349427553283 Dortmund_0_0
7942 21204 17379.087002915614 17386.486488818467 Eindhoven_0_0
12310 33856 17392.791133048242 17400.190618951096 Aylesford_1_0
12238 33784 17400.398362168326 17407.79784807118 Aylesford_0_1
12087 33633 17409.33434594697 17416.733831849822 Aberdeen_0_0
1197 3447 17436.947758312337 17444.34724421519 Brampton_0_0
13296 37934 17465.49185469517 17472.891340598024 Chelsea_1_0
8009 21713 20058.53677815199 20065.936264054842 Auckland_0_0
8121 21882 20073.84719863534 20081.246684538193 Hamilton_0_1
8065 21826 20081.27512748542 20088.674613388273 Hamilton_0_0
555 1054 20169.092077553272 20176.491563456126 Sydney_0_1
503 1002 20176.538658615256 20183.93814451811 Sydney_0_0
8883 24361 23192.216552317142 23199.616038219996 Vila Franca Xira_1_0
8771 24249 23199.679549362594 23207.079035265448 Vila Franca Xira_0_0
8939 24417 23207.14338164137 23214.542867544224 Vila Franca Xira_1_1
8827 24305 23214.606174616598 23222.00566051945 Vila Franca Xira_0_1
10589 30467 23251.452542603016 23258.85202850587 Vigo_0_0
10647 30525 23258.852907110617 23266.25239301347 Vigo_0_1
6179 16190 23400.465216964483 23407.864702867337 Shannon_0_0
6255 16266 23407.87074919258 23415.270235095435 Shannon_0_1
6810 18447 25003.211042314768 25010.61052821762 Narita_0_1
6757 18394 25010.61290546442 25018.012391367272 Narita_0_0
556 1055 25942.402977615595 25949.80246351845 Sydney_0_1
504 1003 25949.833003102274 25957.232489005128 Sydney_0_0
191 397 25990.143269656834 25997.542755559687 Adelaide_1_1
87 293 25998.065702467375 26005.465188370228 Adelaide_0_1
139 345 26006.155884307285 26013.55537021014 Adelaide_1_0
35 241 26014.079474113063 26021.478960015917 Adelaide_0_0
399 699 26044.42131259089 26051.820798493743 Derrimut_1_1
297 597 26052.25266277875 26059.652148681602 Derrimut_0_1
348 648 26060.181692202987 26067.58117810584 Derrimut_1_0
246 546 26068.01006327871 26075.409549181564 Derrimut_0_0
1035 2795 28014.960092931986 28022.35957883484 Paranagua_0_0
984 2652 28028.886814445257 28036.28630034811 Curitiba_0_0
1132 2941 28046.154446600925 28053.55393250378 Rio De Janeiro_1_0
1084 2893 28053.95639737054 28061.355883273394 Rio De Janeiro_0_0
889 2557 28068.189726975845 28075.589212878698 Campinas_0_0
937 2605 28075.622565940346 28083.0220518432 Campinas_0_1
14986 41473 29242.178779363632 29249.578265266486 Hebron_1_0
14883 41370 29249.63852287867 29257.038008781525 Hebron_0_0
17395 49412 29272.987538456917 29280.38702435977 Watertown_0_0
15038 41525 29280.76273361675 29288.162219519603 Hebron_1_1
14935 41422 29288.223119992457 29295.62260589531 Hebron_0_1
16014 44136 29296.2846610678 29303.684146970652 Medford_0_0
1410 4626 30835.5829808712 30842.982466774054 Beijing_0_0
6811 18448 30893.028377629922 30900.427863532776 Narita_0_1
6758 18395 30900.539754892194 30907.939240795047 Narita_0_0
7021 18760 30908.69937229076 30916.098858193614 Tokyo_1_1
6917 18656 30916.405434455966 30923.80492035882 Tokyo_0_1
6969 18708 30924.22766459451 30931.627150497363 Tokyo_1_0
6865 18604 30931.93167077433 30939.331156677184 Tokyo_0_0
2202 5605 30984.416532055893 30991.816017958747 Shanghai_0_1
1885 5288 30992.323568008087 30999.72305391094 Ningbo_1_1
1787 5190 30999.922963803474 31007.322449706327 Ningbo_0_1
1836 5239 31007.552384781415 31014.95187068427 Ningbo_1_0
1737 5140 31015.152942317854 31022.552428220708 Ningbo_0_0
11378 32366 31023.56817424705 31030.967660149905 Nankan_1_0
11330 32318 31031.143646325334 31038.543132228187 Nankan_0_0
11565 32643 31040.683510323328 31048.08299622618 Taipei_0_1
11285 32273 31048.397766404756 31055.79725230761 Linkou_0_1
11745 32823 31055.82262939906 31063.222115301913 Teiyuan_0_1
11655 32733 31063.222115301913 31070.621601204766 Taoyuan_0_1
11474 32552 31071.41812940667 31078.817615309523 Tainan_1_0
11428 32506 31079.021660051385 31086.42114595424 Tainan_0_0
11195 32183 31086.62125204077 31094.020737943625 Kaohsiung_0_0
8546 22610 31122.9106374681 31130.310123370953 Manila_1_1
8464 22528 31130.62915280332 31138.028638706175 Manila_0_1
8505 22569 31138.407817345644 31145.807303248497 Manila_1_0
8423 22487 31146.12836615479 31153.527852057643 Manila_0_0
452 952 31839.553602278233 31846.953088181086 Perth_0_0
12725 36191 33687.19392299652 33694.593408899374 Montevideo_1_0
12617 36083 33695.072268538795 33702.47175444165 Montevideo_0_0
12779 36245 33703.107690564066 33710.50717646692 Montevideo_1_1
12671 36137 33710.984473485376 33718.38395938823 Montevideo_0_1
1036 2796 33898.63432568312 33906.03381158597 Paranagua_0_0
985 2653 33906.54554954665 33913.945035449506 Curitiba_0_0
890 2558 34001.56514683366 34008.96463273651 Campinas_0_0
938 2606 34008.994534190155 34016.39402009301 Campinas_0_1
17091 48655 34792.94969508052 34800.34918098337 Tampa_1_0
16994 48558 34800.582500910525 34807.98198681338 Tampa_0_0
17140 48704 34808.29630818122 34815.69579408407 Tampa_1_1
17042 48606 34815.93079181855 34823.330277721405 Tampa_0_1
13864 39456 34866.96495914459 34874.364445047446 Edison_0_0
13913 39505 34874.43847468036 34881.837960583216 Edison_0_1
14585 41026 34897.60115459561 34905.00064049847 Greenville_0_0
14636 41077 34905.06105861498 34912.46054451783 Greenville_0_1
17444 49461 34921.50676748901 34928.90625339186 West Columbia_0_0
17496 49513 34929.03353210396 34936.433018006814 West Columbia_0_1
13246 37884 34945.092382218325 34952.49186812118 Chelsea_0_0
13967 39753 34953.78878704193 34961.18827294478 Edwardsville_0_0
14018 39804 34961.26531165832 34968.66479756117 Edwardsville_0_1
15196 41928 34969.24966851799 34976.64915442084 Huntsville_1_0
16494 45885 34977.498987787054 34984.89847368991 New Johnsonville_0_1
13764 39234 35009.30374881556 35016.703234718414 Dulles_1_0
13663 39133 35017.2561179488 35024.65560385165 Dulles_0_0
12839 36761 35027.54153543403 35034.94102133688 Baltimore_0_0
15313 42239 35141.251304626465 35148.65079052932 Ironton_0_0
9950 28235 36712.3631311357 36719.762617038556 Seoul_1_0
9901 28188 36719.824280645706 36727.22376654856 Seoul_0_0
1411 4627 36737.92557186569 36745.32505776855 Beijing_0_0
2101 5504 36752.68860498397 36760.08809088682 Qingdao_1_1
1993 5396 36760.2318711821 36767.63135708495 Qingdao_0_1
2047 5450 36767.84210788417 36775.241593787025 Qingdao_1_0
1939 5342 36775.38416969002 36782.78365559287 Qingdao_0_0
2203 5606 36785.133556604196 36792.53304250705 Shanghai_0_1
2153 5556 36792.57672197932 36799.97620788217 Shanghai_0_0
1788 5191 36809.340018987656 36816.73950489051 Ningbo_0_1
11379 32367 36882.19724744558 36889.59673334844 Nankan_1_0
11331 32319 36889.68885998343 36897.08834588628 Nankan_0_0
1510 4775 36925.38920482133 36932.788690724185 Chongqing_1_0
1461 4726 36933.43205756081 36940.83154346366 Chongqing_0_0
1692 5095 36964.74476689883 36972.144252801685 Guangzhou_1_1
1604 5007 36972.38285378285 36979.782339685706 Guangzhou_0_1
1648 5051 36980.09378661486 36987.49327251771 Guangzhou_1_0
1560 4963 36987.73017727768 36995.12966318053 Guangzhou_0_0
13297 37935 37046.76427117871 37054.163757081566 Chelsea_1_0
14314 40099 37054.68541277543 37062.08489867828 Elk Grove Village_0_1
14735 41175 37062.189612323324 37069.58909822618 Hanover Park_0_1
7732 20501 40542.95425349474 40550.35373939759 Pachuca_1_0
7641 20410 40550.97468462258 40558.374170525436 Pachuca_0_0
7778 20547 40559.146592680634 40566.54607858349 Pachuca_1_1
7687 20456 40567.16856783692 40574.56805373977 Pachuca_0_1
7448 19763 40593.394015192986 40600.79350109584 Aguascalientes_1_0
7404 19720 40601.19781589549 40608.59730179834 Aguascalientes_0_0
17092 48656 40807.55454733968 40814.95403324253 Tampa_1_0
16995 48559 40815.027218347124 40822.42670424998 Tampa_0_0
17141 48705 40822.50571772793 40829.905203630784 Tampa_1_1
17043 48607 40829.97809089999 40837.37757680284 Tampa_0_1
7594 20363 40875.708416903115 40883.10790280597 Monterrey_1_0
7548 20317 40883.69005068896 40891.08953659181 Monterrey_0_0
7499 20088 40903.68393176773 40911.08341767058 Matamoros_0_0
14586 41027 40960.34280160387 40967.74228750672 Greenville_0_0
13968 39754 40968.636208668715 40976.03569457157 Edwardsville_0_0
14019 39805 40976.04455547824 40983.444041381095 Edwardsville_0_1
15197 41929 40983.97682749863 40991.37631340148 Huntsville_1_0
15093 41825 40991.49084311312 40998.89032901597 Huntsville_0_0
14481 40922 41005.0439789395 41012.443464842356 Grapevine_1_0
14376 40817 41012.71658925297 41020.11607515582 Grapevine_0_0
14533 40974 41020.43545615209 41027.83494205494 Grapevine_1_1
14429 40870 41028.10631576351 41035.50580166636 Grapevine_0_1
14784 41271 41039.02715344536 41046.42663934821 Hazelwood_0_0
15439 42551 41048.6607894714 41056.06027537426 Joliet_0_0
13563 39033 41093.09243032144 41100.491916224295 Denver_1_0
13463 38933 41100.96042685346 41108.359912756314 Denver_0_0
13613 39083 41108.997458492355 41116.39694439521 Denver_1_1
13513 38983 41116.86669199946 41124.26617790231 Denver_0_1
1339 3589 41131.96180209509 41139.36128799794 Calgary_1_0
1267 3517 41139.61305594443 41147.01254184728 Calgary_0_0
7254 19042 42494.70467534661 42502.10416124947 Almaty_1_1
7136 18924 42502.34819621387 42509.74768211672 Almaty_0_1
7195 18983 42510.0359881995 42517.435474102356 Almaty_1_0
7077 18865 42517.68119015728 42525.08067606013 Almaty_0_0
8376 22357 42700.73677676916 42708.136262672015 Lahore_1_1
8273 22254 42708.402910504505 42715.80239640736 Lahore_0_1
8325 22306 42716.11473841911 42723.51422432197 Lahore_1_0
8223 22204 42723.78257653663 42731.18206243948 Lahore_0_0
5663 13421 42736.712332131356 42744.11181803421 Chandigarh_1_0
5614 13372 42744.515549366275 42751.91503526913 Chandigarh_0_0
5294 12794 42790.67383837177 42798.07332427462 Ahmedabad_0_1
5246 12746 42798.16605549222 42805.56554139507 Ahmedabad_0_0
5567 13240 42816.03657845597 42823.43606435882 Calcultta_0_1
5819 14361 42855.34328595443 42862.74277185728 Kanpur_0_0
5770 14126 42862.98327682049 42870.38276272334 Indore_1_0
6104 15562 42986.379046559334 42993.77853246219 Salem_1_1
6016 15474 42994.50774805047 43001.90723395332 Salem_0_1
17646 49767 43022.91849700721 43030.31798291006 Wilmington_0_0
14168 39954 46711.819635242224 46719.21912114508 Elgin_1_0
14070 39856 46719.33034423823 46726.729830141085 Elgin_0_0
14217 40003 46726.85199030271 46734.251476205565 Elgin_1_1
14119 39905 46734.362189356594 46741.76167525945 Elgin_0_1
16661 46344 46742.77852192251 46750.178007825365 Phoenix_0_0
16714 46397 46750.19320439103 46757.59269029388 Phoenix_0_1
15492 42808 46765.4543113695 46772.85379727236 Lakewood_0_0
13141 37508 46773.116352539466 46780.51583844232 Carson_0_0
13191 37558 46780.57958680765 46787.97907271051 Carson_0_1
16887 47685 46851.77801769972 46859.17750360257 Salt Lake City_1_0
16787 47585 46859.28321012933 46866.682696032185 Salt Lake City_0_0
16936 47734 46866.79570169187 46874.19518759473 Salt Lake City_1_1
16837 47635 46874.30042931411 46881.69991521697 Salt Lake City_0_1
1340 3590 47002.94597733021 47010.34546323306 Calgary_1_0
1268 3518 47010.44978097734 47017.84926688019 Calgary_0_0
7255 19043 48400.61592671275 48408.015412615605 Almaty_1_1
7137 18925 48408.1106104574 48415.51009636025 Almaty_0_1
7196 18984 48415.66724160221 48423.066727505066 Almaty_1_0
7078 18866 48423.160998166066 48430.56048406892 Almaty_0_0
8377 22358 48680.535529494286 48687.93501539714 Lahore_1_1
8274 22255 48688.00419903204 48695.40368493489 Lahore_0_1
8326 22307 48695.50671901184 48702.906204914696 Lahore_1_0
8224 22205 48702.97474797685 48710.3742338797 Lahore_0_0
8177 22158 48722.003907740116 48729.40339364297 Karachi_0_0
7347 19177 49538.95141634345 49546.350902246304 Lilongwe_0_1
7305 19135 49546.37886976607 49553.778355668925 Lilongwe_0_0
9470 27122 49748.375044584274 49755.77453048713 Polokwane_1_0
7879 21069 49757.98494646861 49765.384432371466 Maputo_0_1
7833 21023 49765.43401703512 49772.833502937974 Maputo_0_0
8698 23446 54270.180671840906 54277.58015774376 Warsaw_0_1
8621 23369 54277.58087752749 54284.980363430346 Warsaw_0_0
9132 25121 54412.553630024195 54419.95311592705 Senec_0_0
9199 25188 54420.01279827007 54427.412284172926 Senec_1_0
9062 24650 54433.26815660969 54440.66764251254 Otopeni_0_1
9000 24588 54440.695543724796 54448.09502962765 Otopeni_0_0
12005 33202 54453.72340649972 54461.12289240257 Istanbul_1_1
11900 33097 54461.44909189238 54468.84857779523 Istanbul_0_1
11953 33150 54469.243750361704 54476.64323626456 Istanbul_1_0
11848 33045 54476.97180018125 54484.371286084104 Istanbul_0_0
11796 32993 54494.82101571754 54502.220501620395 Ankara_0_0
6430 17073 54518.038053313045 54525.4375392159 Migdal Haemek_0_1
6380 17023 54525.60334219129 54533.00282809414 Migdal Haemek_0_0
6326 16774 54534.2277307115 54541.62721661435 Lod_0_0
2543 7340 54559.1304549753 54566.52994087815 Alexandria_0_1
2494 7291 54566.65185459315 54574.051340496 Alexandria_0_0
7348 19178 55307.29578661919 55314.69527252204 Lilongwe_0_1
7306 19136 55314.71931320342 55322.118799106276 Lilongwe_0_0
9424 27076 55438.46627470851 55445.86576061136 Polokwane_0_1
9471 27123 55446.11987880518 55453.51936470803 Polokwane_1_0
7880 21070 55509.49094057083 55516.890426473685 Maputo_0_1
7834 21024 55516.905214000646 55524.3046999035 Maputo_0_0
9800 27657 55529.054633725784 55536.45411962864 Spartan_0_1
9709 27567 55536.728937494445 55544.1284233973 Roodepoort_1_1
9300 25424 55544.28655005769 55551.68603596054 Bedfordview_0_1
9616 27475 55552.10889714113 55559.50838304398 Roodepoort_0_1
9754 27612 55560.08912457874 55567.488610481596 Spartan_0_0
9662 27521 55567.76176638038 55575.16125228324 Roodepoort_1_0
9254 25379 55575.318390163986 55582.71787606684 Bedfordview_0_0
9569 27428 55583.13810711484 55590.537593017696 Roodepoort_0_0
9848 27802 55591.9308452692 55599.33033117205 Welkom_0_0
1198 3448 55649.57783840222 55656.97732430507 Brampton_0_0
11286 32274 55663.85923818947 55671.258724092324 Linkou_0_1
11746 32824 55671.35075637687 55678.750242279726 Teiyuan_0_1
11656 32734 55678.750242279726 55686.14972818258 Taoyuan_0_1
11241 32229 55686.19176627469 55693.591252177546 Linkou_0_0
11701 32779 55693.683930592095 55701.08341649495 Teiyuan_0_0
11611 32689 55701.08341649495 55708.4829023978 Taoyuan_0_0
11196 32184 55711.337723449586 55718.73720935244 Kaohsiung_0_0
11121 31305 60007.79990762472 60015.199393527575 Gothenburg_1_1
10942 31126 60015.50374374385 60022.903229646705 Gothenburg_0_1
11031 31215 60023.32988474852 60030.729370651374 Gothenburg_1_0
10853 31037 60031.036581552624 60038.43606745548 Gothenburg_0_0
12088 33634 60099.56961727142 60106.96910317428 Aberdeen_0_0
2432 7229 60124.83203928941 60132.23152519226 Hvidovre_1_0
2348 7145 60132.58574889649 60139.985234799344 Hvidovre_0_0
8699 23447 60163.363658721806 60170.76314462466 Warsaw_0_1
8622 23370 60170.95199789575 60178.3514837986 Warsaw_0_0
12534 34378 60219.18160758113 60226.58109348398 Birmingham_1_0
12460 34304 60226.68157893981 60234.08106484266 Birmingham_0_0
3956 9909 60244.496909179725 60251.89639508258 Dortmund_1_1
3805 9761 60252.185792634045 60259.5852785369 Dortmund_0_1
3881 9834 60259.952387766716 60267.35187366957 Dortmund_1_0
3730 9686 60267.64368679121 60275.043172694066 Dortmund_0_0
5187 12537 60275.065218297146 60282.4647042 Troisdorf-Spich_1_0
5116 12466 60282.75656710277 60290.15605300562 Troisdorf-Spich_0_0
4178 10273 60293.86118679893 60301.260672701785 Frankfurt_1_0
4765 11436 60301.69271569634 60309.0922015992 Mannheim_0_0
4912 12265 60311.037818300654 60318.43730420351 Stuttgart_0_1
4321 10416 60320.82383558587 60328.223321488724 Freiburg_0_0
6562 17677 60333.03801934 60340.43750524285 Milan_0_1
3062 8747 60344.07966227744 60351.4791481803 Nice_0_1
2999 8684 60351.583906901484 60358.98339280434 Nice_0_0
10359 29914 60441.02398312092 60448.42346902377 Linares_0_0
13298 37936 60488.621232293226 60496.02071819608 Chelsea_1_0
14736 41176 60510.46263053641 60517.86211643926 Hanover Park_0_1
14315 40100 60518.331620018565 60525.73110592142 Elk Grove Village_0_1
8066 21827 63305.720823556185 63313.12030945904 Hamilton_0_0
8122 21883 63313.25293868142 63320.652424584274 Hamilton_0_1
8010 21714 63322.350371688604 63329.74985759146 Auckland_0_0
11122 31306 65901.40424835682 65908.80373425968 Gothenburg_1_1
10943 31127 65908.8939091205 65916.29339502336 Gothenburg_0_1
11032 31216 65916.49344343679 65923.89292933965 Gothenburg_1_0
10854 31038 65923.98204998419 65931.38153588705 Gothenburg_0_0
2433 7230 65951.44695174694 65958.8464376498 Hvidovre_1_0
2349 7146 65958.9197792153 65966.31926511816 Hvidovre_0_0
3349 9305 66036.0175088644 66043.41699476726 Berlin_1_0
3275 9231 66043.47020683729 66050.86969274015 Berlin_0_0
12089 33635 66068.83824833135 66076.23773423421 Aberdeen_0_0
3656 9612 66092.03876250614 66099.438248409 Bremen_1_1
3502 9458 66099.52730691877 66106.92679282163 Bremen_0_1
3579 9535 66107.10289312626 66114.50237902912 Bremen_1_0
3425 9381 66114.59045124597 66121.98993714883 Bremen_0_0
4615 10862 66122.79927645152 66130.19876235438 Hannover_1_1
4469 10716 66130.27594936412 66137.67543526698 Hannover_0_1
4542 10789 66137.82930335964 66145.2287892625 Hannover_1_0
4396 10643 66145.3050977537 66152.70458365657 Hannover_0_0
3957 9910 66153.43781473483 66160.8373006377 Dortmund_1_1
3806 9762 66160.92976052048 66168.32924642334 Dortmund_0_1
3882 9835 66168.50503743658 66175.90452333944 Dortmund_1_0
3731 9687 66175.9959877723 66183.39547367516 Dortmund_0_0
4252 10347 66184.6454357072 66192.04492161007 Frankfurt_1_1
5188 12538 66193.04727760552 66200.44676350839 Troisdorf-Spich_1_0
4694 11365 66200.68839715632 66208.08788305918 Koeln_0_0
5117 12467 66208.23887312728 66215.63835903014 Troisdorf-Spich_0_0
2802 8217 66218.02926338183 66225.42874928469 Bordeaux_1_1
2675 8090 66225.58735795553 66232.9868438584 Bordeaux_0_1
2738 8153 66233.23926491078 66240.63875081364 Bordeaux_1_0
10474 30140 66243.60775465475 66251.0072405576 Santander_0_0
10768 30646 66252.70062046095 66260.10010636381 Vitoria-Gasteiz_0_1
10707 30585 66260.20079807748 66267.60028398034 Vitoria-Gasteiz_0_0
10648 30526 66277.52586727527 66284.92535317813 Vigo_0_1
10590 30468 66285.08863410502 66292.48812000788 Vigo_0_0
8940 24418 66295.13218118541 66302.53166708827 Vila Franca Xira_1_1
8828 24306 66302.9006982032 66310.30018410606 Vila Franca Xira_0_1
1133 2942 67467.69811284542 67475.09759874828 Rio De Janeiro_1_0
1085 2894 67475.18628539646 67482.58577129932 Rio De Janeiro_0_0
349 649 69268.54782530665 69275.94731120951 Derrimut_1_0
247 547 69276.20783201553 69283.60731791839 Derrimut_0_0
400 700 69283.91436334758 69291.31384925044 Derrimut_1_1
298 598 69291.57609105176 69298.97557695462 Derrimut_0_1
505 1004 69317.62666124 69325.02614714287 Sydney_0_0
557 1056 69325.18205448444 69332.5815403873 Sydney_0_1
140 346 69381.77918243408 69389.17866833694 Adelaide_1_0
36 242 69389.29747241821 69396.69695832107 Adelaide_0_0
192 398 69396.82730993352 69404.22679583638 Adelaide_1_1
88 294 69404.3461548392 69411.74564074205 Adelaide_0_1
1838 5241 70541.80358248949 70549.20306839235 Ningbo_1_0
1739 5142 70549.28119451027 70556.68068041313 Ningbo_0_0
1887 5290 70556.79486747785 70564.1943533807 Ningbo_1_1
1789 5192 70564.27316486012 70571.67265076298 Ningbo_0_1
2154 5557 70571.90687629601 70579.30636219887 Shanghai_0_0
6970 18709 70621.19212422553 70628.5916101284 Tokyo_1_0
6866 18605 70629.0562047251 70636.45569062796 Tokyo_0_0
6759 18396 70638.0989585201 70645.49844442296 Narita_0_0
2204 5607 70688.5243092331 70695.92379513595 Shanghai_0_1
7022 18761 70737.87550070947 70745.27498661233 Tokyo_1_1
6918 18657 70745.73658768275 70753.13607358561 Tokyo_0_1
6812 18449 70754.76858652268 70762.16807242554 Narita_0_1
9951 28236 70797.58441876696 70804.98390466982 Seoul_1_0
9902 28189 70805.23413480073 70812.6336207036 Seoul_0_0
12090 33636 71888.02910032868 71895.42858623154 Aberdeen_0_0
6258 16269 71976.38575947285 71983.78524537571 Shannon_0_1
6182 16193 71983.83862368792 71991.23810959078 Shannon_0_0
1134 2943 73231.76843822002 73239.16792412288 Rio De Janeiro_1_0
1086 2895 73239.344621325 73246.74410722786 Rio De Janeiro_0_0
939 2607 73252.69506733958 73260.09455324244 Campinas_0_1
891 2559 73260.15717530146 73267.55666120432 Campinas_0_0
1037 2797 73269.68181365605 73277.08129955891 Paranagua_0_0
986 2654 73279.04223273709 73286.44171863995 Curitiba_0_0
12780 36246 73391.18945166469 73398.58893756755 Montevideo_1_1
12672 36138 73399.1815992363 73406.58108513916 Montevideo_0_1
12726 36192 73407.33703269366 73414.73651859652 Montevideo_1_0
12618 36084 73415.32755351278 73422.72703941564 Montevideo_0_0
350 650 75202.62888675928 75210.02837266214 Derrimut_1_0
248 548 75210.11146416592 75217.51095006878 Derrimut_0_0
401 701 75217.64196926213 75225.04145516499 Derrimut_1_1
299 599 75225.12376528615 75232.523251189 Derrimut_0_1
141 347 75235.83617290815 75243.23565881101 Adelaide_1_0
37 243 75243.4028228815 75250.80230878436 Adelaide_0_0
193 399 75251.0434568096 75258.44294271246 Adelaide_1_1
89 295 75258.60877556326 75266.00826146612 Adelaide_0_1
453 953 75333.85321888328 75341.25270478614 Perth_0_0
8506 22570 76027.23516955972 76034.63465546258 Manila_1_0
8424 22488 76035.08105279136 76042.48053869422 Manila_0_0
8547 22611 76043.01241262788 76050.41189853074 Manila_1_1
8465 22529 76050.8555770533 76058.25506295616 Manila_0_1
11476 32554 76164.31787598133 76171.71736188419 Tainan_1_0
11430 32508 76172.09000544104 76179.4894913439 Tainan_0_0
1649 5052 76202.46726179292 76209.86674769578 Guangzhou_1_0
1561 4964 76210.51803765124 76217.9175235541 Guangzhou_0_0
1693 5096 76218.72777164084 76226.1272575437 Guangzhou_1_1
1605 5008 76226.7789750795 76234.17846098237 Guangzhou_0_1
2260 6130 76252.92597054175 76260.32545644461 Xiamen_0_0
11521 32599 76268.48538188945 76275.88486779231 Taipei_0_0
11566 32644 76275.93256152213 76283.33204742499 Taipei_0_1
11380 32368 76285.72114970307 76293.12063560593 Nankan_1_0
11332 32320 76293.46381266211 76300.86329856497 Nankan_0_0
1839 5242 76304.968878245 76312.36836414786 Ningbo_1_0
1740 5143 76312.5994223741 76319.99890827696 Ningbo_0_0
1888 5291 76320.26586270535 76327.6653486082 Ningbo_1_1
1790 5193 76327.8950246738 76335.29451057666 Ningbo_0_1
2155 5558 76335.45999397586 76342.85947987872 Shanghai_0_0
2205 5608 76342.89464603548 76350.29413193834 Shanghai_0_1
1511 4776 76393.0887935168 76400.48827941966 Chongqing_1_0
16016 44138 78094.32277816534 78101.7222640682 Medford_0_0
15040 41527 78111.9838693738 78119.38335527666 Hebron_1_1
14937 41424 78119.61086089347 78127.01034679633 Hebron_0_1
14988 41475 78127.27602614854 78134.6755120514 Hebron_1_0
14885 41372 78134.90451338053 78142.3039992834 Hebron_0_0
17397 49414 78143.2757837923 78150.67526969516 Watertown_0_0
15696 43012 78161.93248590827 78169.33197181113 Lansdale_1_1
15594 42910 78169.49199123483 78176.89147713769 Lansdale_0_1
15645 42961 78177.07119141927 78184.47067732213 Lansdale_1_0
17497 49514 78365.67256894708 78373.07205484994 West Columbia_0_1
17445 49462 78373.07723521623 78380.47672111909 West Columbia_0_0
17142 48706 78500.32703408599 78507.72651998885 Tampa_1_1
17044 48608 78509.4998690784 78516.89935498126 Tampa_0_1
17093 48657 78516.98430932383 78524.38379522669 Tampa_1_0
1199 3449 78572.83022613394 78580.2297120368 Brampton_0_0
454 954 81222.48125934601 81229.88074524887 Perth_0_0
6061 15519 82110.99389761686 82118.39338351972 Salem_1_0
5973 15431 82118.48091265306 82125.88039855592 Salem_0_0
6105 15563 82125.99289071532 82133.39237661818 Salem_1_1
6017 15475 82133.48052201778 82140.88000792064 Salem_0_1
5523 13198 82148.46041765333 82155.8599035562 Calcultta_0_0
5568 13241 82155.94410285898 82163.34358876184 Calcultta_0_1
5247 12747 82179.71929781082 82187.11878371368 Ahmedabad_0_0
5295 12795 82187.27809214625 82194.67757804912 Ahmedabad_0_1
5664 13422 82312.13787668943 82319.5373625923 Chandigarh_1_0
5615 13373 82319.7010465958 82327.10053249866 Chandigarh_0_0
7197 18985 82460.59408462048 82467.99357052334 Almaty_1_0
7079 18867 82468.28452590456 82475.68401180742 Almaty_0_0
7256 19044 82476.11275954539 82483.51224544825 Almaty_1_1
7138 18926 82483.80509233318 82491.20457823604 Almaty_0_1
16017 44139 84009.13500413299 84016.53449003585 Medford_0_0
15041 41528 84016.92660764579 84024.32609354865 Hebron_1_1
14938 41425 84024.4246394889 84031.82412539177 Hebron_0_1
14989 41476 84031.98283071439 84039.38231661725 Hebron_1_0
15380 42306 84086.15095056548 84093.55043646834 Ironton_1_0
15315 42241 84093.82870707709 84101.22819297995 Ironton_0_0
14886 41373 84148.17748819481 84155.57697409767 Hebron_0_0
17398 49415 84156.02879438583 84163.42828028869 Watertown_0_0
15697 43013 84164.37529283784 84171.7747787407 Lansdale_1_1
15595 42911 84171.90864639523 84179.30813229809 Lansdale_0_1
15646 42962 84179.51376015374 84186.9132460566 Lansdale_1_0
15544 42860 84187.04593522845 84194.44542113131 Lansdale_0_0
13405 38388 84204.84008453347 84212.23957043633 Columbus_1_0
13355 38338 84212.61319176629 84220.01267766915 Columbus_0_0
13089 37258 84228.11772107077 84235.51720697363 Carmel_1_1
12991 37160 84236.0306751985 84243.43016110137 Carmel_0_1
17551 49672 84243.95514181849 84251.35462772135 Whitestown_0_0
15146 41878 84255.82901577269 84263.22850167555 Huntsville_0_1
15198 41930 84263.88501805 84271.28450395286 Huntsville_1_0
13969 39755 84274.71375379352 84282.11323969638 Edwardsville_0_0
17045 48609 84291.48275226288 84298.88223816574 Tampa_0_1
7549 20318 84346.65791511496 84354.05740101782 Monterrey_0_0
7449 19764 84405.56432652473 84412.9638124276 Aguascalientes_1_0
7405 19721 84413.17333099937 84420.57281690223 Aguascalientes_0_0
7779 20548 84427.82953741662 84435.22902331948 Pachuca_1_1
7688 20457 84435.64043065546 84443.03991655832 Pachuca_0_1
7733 20502 84443.53120826394 84450.9306941668 Pachuca_1_0
7642 20411 84451.344751271 84458.74423717386 Pachuca_0_0
