6057 15515 0.0 7.399485902854087 Salem_1_0
5969 15427 7.892834086741271 15.292319989595358 Salem_0_0
6101 15559 15.882078041861188 23.281563944715273 Salem_1_1
6013 15471 23.772040632099184 31.171526534953273 Salem_0_1
5922 15206 44.43897641496421 51.8384623178183 Panjim_0_0
5519 13194 76.51871357290915 83.91819947576323 Calcultta_0_0
5564 13237 83.94147659803242 91.3409625008865 Calcultta_0_1
5767 14123 112.057356679856 119.45684258271008 Indore_1_0
5722 14078 120.10240043279141 127.5018863356455 Indore_0_0
5862 14404 130.27561486033716 137.67510076319124 Kanpur_1_0
5816 14358 138.28998428796223 145.6894701908163 Kanpur_0_0
5428 13014 149.26336631316576 156.66285221601984 Baroda_1_0
5340 12926 157.32300591753364 164.72249182038772 Baroda_0_0
5472 13058 165.53042006693167 172.92990596978575 Baroda_1_1
5384 12970 173.58810954380408 180.98759544665816 Baroda_0_1
5660 13418 198.37780440481578 205.77729030766986 Chandigarh_1_0
5611 13369 206.07793958461525 213.47742548746933 Chandigarh_0_0
8322 22303 218.04333864761728 225.44282455047136 Lahore_1_0
8270 22251 225.7738711818152 233.17335708466928 Lahore_0_1
7191 18979 393.42566898465157 400.8251548875057 Almaty_1_0
7073 18861 401.0095167038789 408.409002606733 Almaty_0_0
7250 19038 408.6188686277581 416.0183545306122 Almaty_1_1
7132 18920 416.20160683052285 423.60109273337696 Almaty_0_1
1333 3583 1843.7118053734303 1851.1112912762844 Calgary_1_0
1261 3511 1851.2932956831078 1858.692781585962 Calgary_0_0
15373 42299 1904.0963508957122 1911.4958367985664 Ironton_1_0
15308 42234 1911.6922718108217 1919.0917577136759 Ironton_0_0
14310 40095 1986.8496485948563 1994.2491344977104 Elk Grove Village_0_1
14731 41171 1994.3124494807441 2001.7119353835983 Hanover Park_0_1
14262 40047 2001.825105352976 2009.22459125583 Elk Grove Village_0_0
14683 41123 2009.2872725511118 2016.686758453966 Hanover Park_0_0
15435 42547 2016.856467692681 2024.2559535955352 Joliet_0_0
17338 49262 2059.062355786562 2066.461841689416 Vandalia_1_1
17242 49166 2066.531759263931 2073.9312451667847 Vandalia_0_1
17290 49214 2074.044061163494 2081.443547066348 Vandalia_1_0
17194 49118 2081.512765587856 2088.91225149071 Vandalia_0_0
15791 43107 2091.6952825328553 2099.0947684357093 Laredo_1_0
16382 45534 2099.993444419503 2107.3929303223567 Moberly_1_1
14828 41315 2108.835413882224 2116.234899785078 Hazelwood_1_0
16282 45434 2117.789225248991 2125.188711151845 Moberly_0_1
14780 41267 2126.6620796865277 2134.0615655893816 Hazelwood_0_0
16332 45484 2135.3616810690123 2142.7611669718663 Moberly_1_0
16232 45384 2142.871996477462 2150.271482380316 Moberly_0_0
7590 20359 2243.4358272254467 2250.8353131283006 Monterrey_1_0
7544 20313 2251.0168533195765 2258.4163392224305 Monterrey_0_0
7495 20084 2268.5449963258534 2275.9444822287073 Matamoros_0_0
7444 19759 2303.6111201941967 2311.0106060970506 Aguascalientes_1_0
7400 19716 2311.224568444433 2318.624054347287 Aguascalientes_0_0
7774 20543 2376.3049813508987 2383.7044672537527 Pachuca_1_1
7683 20452 2383.8138902334576 2391.2133761363116 Pachuca_0_1
7728 20497 2391.35877887397 2398.758264776824 Pachuca_1_0
6321 16769 6204.042071431875 6211.44155733473 Lod_0_0
2490 7287 6284.953905493021 6292.353391395875 Alexandria_0_0
6375 17018 6297.948405854392 6305.3478917572465 Migdal Haemek_0_0
2539 7336 6310.901253207671 6318.300739110526 Alexandria_0_1
6425 17068 6323.9416313420925 6331.341117244947 Migdal Haemek_0_1
11791 32988 6331.749430386644 6339.148916289499 Ankara_0_0
11948 33145 6377.3250182271 6384.724504129955 Istanbul_1_0
11843 33040 6384.8598384700645 6392.259324372919 Istanbul_0_0
12000 33197 6392.470036286553 6399.869522189408 Istanbul_1_1
11895 33092 6400.006043814482 6407.405529717336 Istanbul_0_1
8994 24582 6451.748749822378 6459.148235725233 Otopeni_0_0
9056 24644 6459.221451254215 6466.620937157069 Otopeni_0_1
9194 25183 6620.3190777003765 6627.718563603231 Senec_1_0
9127 25116 6627.770958565966 6635.17044446882 Senec_0_0
8615 23363 6638.398216336398 6645.797702239252 Warsaw_0_0
8692 23440 6645.888842673474 6653.288328576328 Warsaw_0_1
2423 7220 6704.077075958252 6711.476561861106 Hvidovre_1_0
2339 7136 6711.532012902785 6718.931498805639 Hvidovre_0_0
11022 31206 6719.792936415781 6727.192422318635 Gothenburg_1_0
1334 3584 7712.681360810995 7720.0808467138495 Calgary_1_0
1262 3512 7720.226245593924 7727.625731496779 Calgary_0_0
16932 47730 7970.944127649069 7978.343613551923 Salt Lake City_1_1
16833 47631 7978.404470085298 7985.803955988153 Salt Lake City_0_1
16883 47681 7985.906000845155 7993.30548674801 Salt Lake City_1_0
16783 47581 7993.365698849964 8000.765184752819 Salt Lake City_0_0
13185 37552 8057.177163779736 8064.57664968259 Carson_0_1
15486 42802 8064.693287948947 8072.092773851801 Lakewood_0_0
13135 37502 8072.1619321279595 8079.561418030814 Carson_0_0
17641 49762 8079.572728898417 8086.972214801272 Wilmington_0_0
4608 10855 8107.673647065367 8115.073132968221 Hannover_1_1
4535 10782 8115.276672746776 8122.67615864963 Hannover_1_0
4462 10709 8122.855645691803 8130.2551315946575 Hannover_0_1
3649 9605 8131.111055128184 8138.510541031038 Bremen_1_1
3572 9528 8138.714905665437 8146.1143915682915 Bremen_1_0
3495 9451 8146.273396655369 8153.672882558223 Bremen_0_1
9843 27797 11113.877044439316 11121.27653034217 Welkom_0_0
7830 21020 11140.181303841959 11147.580789744812 Maputo_0_0
7876 21066 11147.736765574817 11155.13625147767 Maputo_0_1
9249 25374 11170.304007170053 11177.703493072906 Bedfordview_0_0
9657 27516 11177.944716793707 11185.34420269656 Roodepoort_1_0
9749 27607 11185.84144696072 11193.240932863573 Spartan_0_0
9564 27423 11194.155175461901 11201.554661364755 Roodepoort_0_0
9295 25419 11202.297833595196 11209.69731949805 Bedfordview_0_1
9704 27562 11209.940079877562 11217.339565780416 Roodepoort_1_1
9795 27652 11217.840017015922 11225.239502918776 Spartan_0_1
9611 27470 11226.159635540238 11233.559121443091 Roodepoort_0_1
9466 27118 11239.976270483932 11247.375756386786 Polokwane_1_0
9513 27165 11247.496379408534 11254.895865311388 Polokwane_1_1
2491 7288 12063.489038348198 12070.888524251051 Alexandria_0_0
2540 7337 12070.91844056907 12078.317926471924 Alexandria_0_1
6322 16770 12142.408840358257 12149.80832626111 Lod_0_0
6376 17019 12173.500821352005 12180.900307254858 Migdal Haemek_0_0
6426 17069 12180.906154058823 12188.305639961676 Migdal Haemek_0_1
11792 32989 12247.871113181114 12255.270599083968 Ankara_0_0
11949 33146 12258.050413184174 12265.449899087027 Istanbul_1_0
11844 33041 12265.612937184542 12273.012423087395 Istanbul_0_0
12001 33198 12273.195259487378 12280.594745390232 Istanbul_1_1
11896 33093 12280.75687898315 12288.156364886003 Istanbul_0_1
8995 24583 12290.905388203406 12298.30487410626 Otopeni_0_0
9057 24645 12298.33993620612 12305.739422108973 Otopeni_0_1
10233 29210 12355.531609147642 12362.931095050495 El Prat De Llobregat_1_0
10177 29154 12363.034508076618 12370.433993979472 El Prat De Llobregat_0_0
2994 8679 12376.53237580794 12383.931861710793 Nice_0_0
3057 8742 12384.048671345774 12391.448157248627 Nice_0_1
6622 17737 12396.084750993297 12403.48423689615 Milan_1_0
6492 17607 12403.794634340486 12411.194120243339 Milan_0_0
6557 17672 12411.345019409846 12418.7445053127 Milan_0_1
4315 10410 12418.956641858545 12426.356127761399 Freiburg_0_0
4974 12327 12429.991132255846 12437.390618158699 Stuttgart_1_0
4907 12260 12437.558431551977 12444.95791745483 Stuttgart_0_1
4759 11430 12445.809582137033 12453.209068039887 Mannheim_0_0
4172 10267 12454.647793566059 12462.047279468912 Frankfurt_1_0
4245 10340 12462.2308173268 12469.630303229653 Frankfurt_1_1
5181 12531 12472.054933242454 12479.454419145308 Troisdorf-Spich_1_0
3875 9828 12480.81437784274 12488.213863745594 Dortmund_1_0
3950 9903 12488.39812330523 12495.797609208083 Dortmund_1_1
3418 9374 12499.83638801137 12507.235873914224 Bremen_0_0
2424 7221 12519.34461935233 12526.744105255184 Hvidovre_1_0
2340 7137 12527.135627351807 12534.53511325466 Hvidovre_0_0
11023 31207 12536.1143899394 12543.513875842253 Gothenburg_1_0
10845 31029 12543.880004249491 12551.279490152345 Gothenburg_0_0
11113 31297 12551.833722505602 12559.233208408456 Gothenburg_1_1
8005 21709 15198.73314934969 15206.132635252543 Auckland_0_0
8117 21878 15207.030172232526 15214.42965813538 Hamilton_0_1
8061 21822 15214.517457760787 15221.91694366364 Hamilton_0_0
4536 10783 15226.690409285204 15234.089895188057 Hannover_1_0
4609 10856 15234.094152176098 15241.493638078951 Hannover_1_1
4463 10710 15241.556076461542 15248.955562364396 Hannover_0_1
9999 28282 15265.805099003352 15273.204584906205 Alovera_0_0
3573 9529 15289.741258971744 15297.140744874598 Bremen_1_0
3650 9606 15297.144282833176 15304.54376873603 Bremen_1_1
3496 9452 15304.611840669106 15312.01132657196 Bremen_0_1
10408 29963 18084.068715631962 18091.468201534815 Linares_1_0
10355 29910 18091.966593048597 18099.36607895145 Linares_0_0
10529 30407 18108.598876059055 18115.99836196191 Valencia_0_0
8879 24357 18140.985219457 18148.384705359855 Vila Franca Xira_1_0
8767 24245 18148.898710654972 18156.298196557826 Vila Franca Xira_0_0
8935 24413 18156.985185165315 18164.38467106817 Vila Franca Xira_1_1
8823 24301 18164.899264488602 18172.298750391456 Vila Franca Xira_0_1
10068 29047 18190.615412458144 18198.014898360998 Coslada_0_0
10300 29855 18198.824533570787 18206.22401947364 Las Rozas_0_0
10123 29100 18207.14911542013 18214.548601322982 Coslada_0_1
10234 29211 18226.227238503558 18233.62672440641 El Prat De Llobregat_1_0
10178 29155 18233.843950009334 18241.243435912187 El Prat De Llobregat_0_0
2995 8680 18246.262819850355 18253.66230575321 Nice_0_0
3058 8743 18253.66845010029 18261.067936003143 Nice_0_1
6688 17803 18295.694821447134 18303.094307349988 Milan_1_1
2927 8413 18305.69666002574 18313.096145928594 Lyon_1_0
2862 8348 18313.22645523481 18320.625941137663 Lyon_0_0
4840 12193 18344.647054374218 18352.04654027707 Stuttgart_0_0
4908 12261 18352.047719293892 18359.447205196746 Stuttgart_0_1
4760 11431 18359.770390633315 18367.16987653617 Mannheim_0_0
4173 10268 18367.33879221657 18374.738278119425 Frankfurt_1_0
4101 10196 18374.813119222195 18382.21260512505 Frankfurt_0_1
5182 12532 18382.878359585637 18390.27784548849 Troisdorf-Spich_1_0
5111 12461 18390.364126110773 18397.763612013627 Troisdorf-Spich_0_0
4688 11359 18397.852376219387 18405.25186212224 Koeln_0_0
12455 34299 18412.862464885628 18420.26195078848 Birmingham_0_0
12083 33629 18421.24415678935 18428.643642692205 Aberdeen_0_0
8006 21710 21082.275573581457 21089.67505948431 Auckland_0_0
8118 21879 21101.598922491074 21108.998408393927 Hamilton_0_1
8062 21823 21109.007009370263 21116.406495273117 Hamilton_0_0
552 1051 21169.675045755885 21177.074531658738 Sydney_0_1
500 999 21177.148061169304 21184.547547072158 Sydney_0_0
396 696 21226.149874031544 21233.549359934397 Derrimut_1_1
294 594 21233.63403819995 21241.033524102804 Derrimut_0_1
345 645 21241.168311291378 21248.56779719423 Derrimut_1_0
243 543 21248.65328507097 21256.052770973823 Derrimut_0_0
6806 18443 25882.2692271173 25889.668713020154 Narita_0_1
7017 18756 25890.864571005106 25898.26405690796 Tokyo_1_1
6913 18652 25898.379792452157 25905.77927835501 Tokyo_0_1
6753 18390 25906.196942043243 25913.596427946097 Narita_0_0
6965 18704 25913.887531779594 25921.287017682447 Tokyo_1_0
6861 18600 25921.403292723022 25928.802778625875 Tokyo_0_0
553 1052 26973.17808765173 26980.577573554583 Sydney_0_1
501 1000 26980.587611139785 26987.98709704264 Sydney_0_0
188 394 27010.51767157797 27017.917157480824 Adelaide_1_1
84 290 27018.489230829862 27025.888716732716 Adelaide_0_1
136 342 27026.608154967133 27034.007640869986 Adelaide_1_0
32 238 27034.577123521376 27041.97660942423 Adelaide_0_0
397 697 27058.978247421714 27066.377733324567 Derrimut_1_1
295 595 27066.627899016723 27074.027384919576 Derrimut_0_1
346 646 27074.31840419837 27081.717890101223 Derrimut_1_0
244 544 27081.96642731986 27089.365913222715 Derrimut_0_0
12722 36188 28937.557953715324 28944.957439618178 Montevideo_1_0
12614 36080 28945.028252958695 28952.42773886155 Montevideo_0_0
12776 36242 28952.501587254992 28959.901073157846 Montevideo_1_1
12668 36134 28959.972140310096 28967.37162621295 Montevideo_0_1
1032 2792 28975.53339500523 28982.932880908083 Paranagua_0_0
981 2649 28984.20096328168 28991.600449184534 Curitiba_0_0
1129 2938 29010.013594519503 29017.413080422357 Rio De Janeiro_1_0
1081 2890 29018.05829206368 29025.457777966534 Rio De Janeiro_0_0
886 2554 29037.87794455635 29045.277430459202 Campinas_0_0
934 2602 29045.357414214654 29052.756900117507 Campinas_0_1
15640 42956 30198.476063907146 30205.87554981 Lansdale_1_0
15538 42854 30205.93966683879 30213.339152741642 Lansdale_0_0
15691 43007 30213.445895763845 30220.8453816667 Lansdale_1_1
15589 42905 30220.910160298386 30228.30964620124 Lansdale_0_1
14982 41469 30230.214669304678 30237.61415520753 Hebron_1_0
14879 41366 30237.71538930851 30245.114875211362 Hebron_0_0
15034 41521 30245.27841018213 30252.677896084984 Hebron_1_1
14931 41418 30252.780080618762 30260.179566521616 Hebron_0_1
17391 49408 30260.695708223804 30268.095194126658 Watertown_0_0
16010 44132 30269.684974181877 30277.08446008473 Medford_0_0
6807 18444 31716.35339912772 31723.752885030575 Narita_0_1
6754 18391 31723.824328035716 31731.22381393857 Narita_0_0
7018 18757 31731.64189165534 31739.041377558195 Tokyo_1_1
6914 18653 31739.208740465656 31746.60822636851 Tokyo_0_1
6966 18705 31746.849745539086 31754.24923144194 Tokyo_1_0
1407 4623 31807.004017131843 31814.403503034697 Beijing_0_0
6862 18601 31866.992284778342 31874.391770681195 Tokyo_0_0
9947 28232 31906.9552020054 31914.354687908253 Seoul_1_0
9898 28185 31914.892086037045 31922.2915719399 Seoul_0_0
2096 5499 31936.818017373007 31944.21750327586 Qingdao_1_1
1988 5391 31944.46727099742 31951.866756900272 Qingdao_0_1
2042 5445 31952.158731282354 31959.558217185207 Qingdao_1_0
1934 5337 31959.809590298002 31967.209076200856 Qingdao_0_0
2199 5602 31970.71297246087 31978.112458363725 Shanghai_0_1
11375 32363 31978.93568779869 31986.335173701544 Nankan_1_0
11327 32315 31986.6829014839 31994.082387386752 Nankan_0_0
11562 32640 31998.383220865584 32005.782706768437 Taipei_0_1
11282 32270 32006.401845615983 32013.801331518836 Linkou_0_1
11742 32820 32013.840776948615 32021.24026285147 Teiyuan_0_1
11652 32730 32021.24026285147 32028.63974875432 Taoyuan_0_1
11517 32595 32029.38976359692 32036.789249499772 Taipei_0_0
11237 32225 32037.41239582729 32044.811881730144 Linkou_0_0
11697 32775 32044.851523408168 32052.25100931102 Teiyuan_0_0
11607 32685 32052.25100931102 32059.650495213875 Taoyuan_0_0
2256 6126 32066.235541252743 32073.635027155597 Xiamen_0_0
11471 32549 32078.752293372097 32086.15177927495 Tainan_1_0
11425 32503 32086.56088440649 32093.96037030934 Tainan_0_0
11192 32180 32094.388872651412 32101.788358554266 Kaohsiung_0_0
8544 22608 32109.421803829864 32116.821289732718 Manila_1_1
8462 22526 32117.438915864255 32124.83840176711 Manila_0_1
8503 22567 32125.58457704423 32132.984062947082 Manila_1_0
8421 22485 32133.60470885914 32141.004194761994 Manila_0_0
450 950 32816.42553901672 32823.82502491958 Perth_0_0
12885 36807 32846.369212874815 32853.76869877767 Baltimore_0_1
1194 3444 32859.31997363799 32866.719459540844 Brampton_0_0
12723 36189 34677.479059666395 34684.87854556925 Montevideo_1_0
12615 36081 34685.160115867344 34692.5596017702 Montevideo_0_0
12777 36243 34692.94994359549 34700.34942949835 Montevideo_1_1
12669 36135 34700.62908633696 34708.02857223981 Montevideo_0_1
17088 48652 35741.8248001039 35749.224286006756 Tampa_1_0
16991 48555 35749.66531915932 35757.064805062175 Tampa_0_0
17137 48701 35757.63795247314 35765.03743837599 Tampa_1_1
17039 48603 35765.48071793687 35772.880203839726 Tampa_0_1
13861 39453 35811.00780469179 35818.407290594645 Edison_0_0
13910 39502 35818.5264289697 35825.925914872554 Edison_0_1
17441 49458 35838.22727632126 35845.626762224114 West Columbia_0_0
17493 49510 35845.79397987534 35853.1934657782 West Columbia_0_1
13293 37931 35867.91839868686 35875.31788458971 Chelsea_1_0
15845 43395 35881.081928305895 35888.48141420875 Lawrenceville_0_0
13242 37880 35894.53584005484 35901.9353259577 Chelsea_0_0
13964 39750 35904.29019889213 35911.68968479498 Edwardsville_0_0
14015 39801 35911.81124496183 35919.21073086468 Edwardsville_0_1
15192 41924 35920.38522360647 35927.784709509324 Huntsville_1_0
16543 45934 35929.33122183755 35936.730707740404 New Johnsonville_1_0
16437 45828 35936.997461565195 35944.39694746805 New Johnsonville_0_0
15946 43496 35963.59581792927 35970.995303832126 Little Hocking_1_0
15897 43447 35971.54480361603 35978.944289518884 Little Hocking_0_0
13400 38383 35981.8711729277 35989.27065883055 Columbus_1_0
13350 38333 35989.79106985102 35997.19055575387 Columbus_0_0
15374 42300 36081.56693711877 36088.96642302162 Ironton_1_0
15309 42235 36089.15915220098 36096.55863810383 Ironton_0_0
1408 4624 37571.634201198816 37579.03368710167 Beijing_0_0
2097 5500 37685.9091732502 37693.30865915305 Qingdao_1_1
1989 5392 37693.38928278745 37700.788768690305 Qingdao_0_1
2043 5446 37700.91289880633 37708.312384709185 Qingdao_1_0
1935 5338 37708.39225337469 37715.79173927754 Qingdao_0_0
1508 4773 37742.46998152137 37749.86946742422 Chongqing_1_0
1459 4724 37750.32965953663 37757.72914543948 Chongqing_0_0
1690 5093 37895.8001126349 37903.19959853775 Guangzhou_1_1
1602 5005 37903.32016141772 37910.71964732058 Guangzhou_0_1
1646 5049 37910.88204939525 37918.281535298105 Guangzhou_1_0
1558 4961 37918.40117391855 37925.800659821405 Guangzhou_0_0
5291 12791 37982.855445086716 37990.25493098957 Ahmedabad_0_1
5243 12743 37990.26670605568 37997.66619195853 Ahmedabad_0_0
14263 40048 37998.21862930876 38005.61811521161 Elk Grove Village_0_0
14311 40096 38005.6185279698 38013.01801387265 Elk Grove Village_0_1
14732 41172 38013.07868014656 38020.47816604941 Hanover Park_0_1
10000 28283 38026.36845525996 38033.76794116281 Alovera_0_0
3497 9453 38050.80011530412 38058.19960120697 Bremen_0_1
3574 9530 38058.76810065302 38066.16758655587 Bremen_1_0
3651 9607 38066.331221692 38073.730707594856 Bremen_1_1
4464 10711 38076.37197573396 38083.77146163681 Hannover_0_1
4537 10784 38084.38047079745 38091.7799567003 Hannover_1_0
4610 10857 38091.960991963875 38099.36047786673 Hannover_1_1
7729 20498 41518.416907817125 41525.81639371998 Pachuca_1_0
7638 20407 41526.43957777843 41533.839063681284 Pachuca_0_0
7775 20544 41534.593327732124 41541.99281363498 Pachuca_1_1
7684 20453 41542.613250043076 41550.01273594593 Pachuca_0_1
7445 19760 41562.18789865696 41569.58738455981 Aguascalientes_1_0
7401 19717 41570.24482739894 41577.6443133018 Aguascalientes_0_0
7591 20360 41608.344462007284 41615.74394791014 Monterrey_1_0
7545 20314 41616.35842482693 41623.757910729786 Monterrey_0_0
7496 20085 41646.00629866123 41653.405784564085 Matamoros_0_0
16110 44232 41727.516490608454 41734.91597651131 Melville_1_0
16060 44182 41735.066578029815 41742.46606393267 Melville_0_0
14477 40918 41781.89629125595 41789.295777158804 Grapevine_1_0
14372 40813 41789.44335383042 41796.842839733275 Grapevine_0_0
14529 40970 41797.0076542879 41804.40714019076 Grapevine_1_1
14425 40866 41804.55395902309 41811.953444925944 Grapevine_0_1
14781 41268 41886.4356611073 41893.835147010155 Hazelwood_0_0
16333 45485 41895.08653153588 41902.486017438736 Moberly_1_0
16233 45385 41902.61405127511 41910.01353717796 Moberly_0_0
16383 45535 41910.153673587985 41917.55315949084 Moberly_1_1
15792 43108 41918.33177685731 41925.731262760164 Laredo_1_0
15743 43059 41925.87572829476 41933.275214197616 Laredo_0_0
13560 39030 41956.15687523834 41963.55636114119 Denver_1_0
13460 38930 41964.10135259163 41971.50083849448 Denver_0_0
13610 39080 41972.20395242602 41979.60343832887 Denver_1_1
13510 38980 41980.146312853794 41987.54579875665 Denver_0_1
15375 42301 42011.04113029588 42018.440616198735 Ironton_1_0
15310 42236 42018.567462724786 42025.96694862764 Ironton_0_0
1335 3585 42062.26419712246 42069.66368302531 Calgary_1_0
1263 3513 42070.03447079483 42077.433956697685 Calgary_0_0
7251 19039 43458.57325202227 43465.97273792512 Almaty_1_1
7133 18921 43466.375769715974 43473.77525561883 Almaty_0_1
7192 18980 43474.28120750923 43481.68069341208 Almaty_1_0
7074 18862 43482.08668741915 43489.486173322 Almaty_0_0
8374 22355 43658.919094860554 43666.31858076341 Lahore_1_1
8271 22252 43666.804408910226 43674.20389481308 Lahore_0_1
8323 22304 43674.79684710477 43682.196333007625 Lahore_1_0
8221 22202 43682.685271281625 43690.08475718448 Lahore_0_0
5661 13419 43699.5569209631 43706.95640686595 Chandigarh_1_0
5612 13370 43707.57718484399 43714.976670746844 Chandigarh_0_0
5292 12792 43769.94548743963 43777.344973342486 Ahmedabad_0_1
5244 12744 43777.39877099785 43784.7982569007 Ahmedabad_0_0
5565 13238 43807.2974627614 43814.696948664256 Calcultta_0_1
5520 13195 43814.78435669862 43822.18384260147 Calcultta_0_0
8174 22155 43869.39887763072 43876.79836353358 Karachi_0_0
5473 13059 43889.533557162344 43896.9330430652 Baroda_1_1
5863 14405 43900.98171108568 43908.381196988536 Kanpur_1_0
5385 12971 43912.967176175196 43920.36666207805 Baroda_0_1
5817 14359 43924.33733092785 43931.7368168307 Kanpur_0_0
5429 13015 43935.05786502439 43942.457350927245 Baroda_1_0
5341 12927 43942.99781513944 43950.39730104229 Baroda_0_0
5768 14124 43953.90179751307 43961.30128341592 Indore_1_0
5723 14079 43961.90356058593 43969.303046488785 Indore_0_0
6102 15560 43997.12704415938 44004.526530062234 Salem_1_1
6014 15472 44004.978471324495 44012.37795722735 Salem_0_1
16657 46340 47791.16819190979 47798.56767781264 Phoenix_0_0
16710 46393 47798.57189270034 47805.97137860319 Phoenix_0_1
17643 49764 47810.38219788826 47817.781683791116 Wilmington_0_0
13137 37504 47817.78921439433 47825.188700297185 Carson_0_0
15488 42804 47825.3296040577 47832.72908996055 Lakewood_0_0
13187 37554 47832.84500637429 47840.24449227715 Carson_0_1
16884 47682 47937.707710176706 47945.10719607956 Salt Lake City_1_0
16834 47632 47945.16797984415 47952.567465747 Salt Lake City_0_1
1336 3586 48043.17395105958 48050.57343696243 Calgary_1_0
1264 3514 48050.63936493938 48058.03885084223 Calgary_0_0
7252 19040 49437.71823513508 49445.11772103793 Almaty_1_1
7134 18922 49445.175015687586 49452.57450159044 Almaty_0_1
7193 18981 49452.674894029165 49460.07437993202 Almaty_1_0
7075 18863 49460.13104001456 49467.53052591741 Almaty_0_0
8175 22156 49779.729290515184 49787.12877641804 Karachi_0_0
7345 19175 50416.51749971509 50423.91698561794 Lilongwe_0_1
7303 19133 50423.96826547832 50431.36775138117 Lilongwe_0_0
9514 27166 50600.438608556986 50607.83809445984 Polokwane_1_1
9421 27073 50607.978339189176 50615.37782509203 Polokwane_0_1
9467 27119 50615.56878104093 50622.96826694378 Polokwane_1_0
9375 27028 50623.10958934877 50630.509075251626 Polokwane_0_0
7877 21067 50634.81249937634 50642.211985279195 Maputo_0_1
7831 21021 50642.295740128575 50649.69522603143 Maputo_0_0
9796 27653 50654.47039215394 50661.869878056794 Spartan_0_1
9296 25420 50661.91665638385 50669.316142286705 Bedfordview_0_1
9705 27563 50669.394824211675 50676.79431011453 Roodepoort_1_1
9612 27471 50676.91521452721 50684.31470043006 Roodepoort_0_1
9750 27608 50684.609603068384 50692.00908897124 Spartan_0_0
9250 25375 50692.05619503034 50699.45568093319 Bedfordview_0_0
9658 27517 50699.535003155404 50706.93448905826 Roodepoort_1_0
9565 27424 50707.056358976966 50714.45584487982 Roodepoort_0_0
9844 27798 50714.73132036141 50722.130806264264 Welkom_0_0
10936 31120 55230.67703258991 55238.076518492766 Gothenburg_0_1
11115 31299 55238.12181019128 55245.521296094135 Gothenburg_1_1
10847 31031 55245.57632536768 55252.97581127053 Gothenburg_0_0
11025 31209 55253.021189130166 55260.42067503302 Gothenburg_1_0
2342 7139 55269.04935777187 55276.44884367473 Hvidovre_0_0
2426 7223 55276.49778245395 55283.897268356806 Hvidovre_1_0
3270 9226 55313.10446318984 55320.503949092694 Berlin_0_0
3344 9300 55320.560388179154 55327.95987408201 Berlin_1_0
8694 23442 55331.88965681267 55339.28914271553 Warsaw_0_1
8617 23365 55339.30111155622 55346.70059745907 Warsaw_0_0
747 1246 55374.4589908123 55381.858476715155 Linz_0_0
814 1313 55381.92569646176 55389.32518236461 Linz_1_0
9196 25185 55390.85959560681 55398.25908150966 Senec_1_0
9129 25118 55398.35657766832 55405.75606357117 Senec_0_0
681 1180 55406.68839080936 55414.08787671221 Graz_1_0
616 1115 55414.16710365602 55421.566589558875 Graz_0_0
6427 17070 55476.134744644165 55483.53423054702 Migdal Haemek_0_1
6377 17020 55483.6515646098 55491.05105051265 Migdal Haemek_0_0
6323 16771 55493.8595520556 55501.25903795845 Lod_0_0
2541 7338 55515.392294452395 55522.79178035525 Alexandria_0_1
2492 7289 55522.95988464447 55530.359370547325 Alexandria_0_0
9515 27167 56481.04015049338 56488.43963639624 Polokwane_1_1
9422 27074 56488.55147199947 56495.95095790232 Polokwane_0_1
9468 27120 56496.07559646684 56503.475082369696 Polokwane_1_0
9376 27029 56503.58637917841 56510.98586508126 Polokwane_0_0
9797 27654 56511.713629516074 56519.11311541893 Spartan_0_1
9706 27564 56519.25511199146 56526.65459789431 Roodepoort_1_1
9297 25421 56526.734799913334 56534.13428581619 Bedfordview_0_1
9613 27472 56534.34979506535 56541.7492809682 Roodepoort_0_1
9751 27609 56542.04214993098 56549.441635833835 Spartan_0_0
9659 27518 56549.58294843335 56556.982434336205 Roodepoort_1_0
9251 25376 56557.06222270076 56564.461708603616 Bedfordview_0_0
9566 27425 56564.67612155251 56572.075607455365 Roodepoort_0_0
9845 27799 56572.86141858668 56580.260904489536 Welkom_0_0
1195 3445 56633.31330262733 56640.71278853018 Brampton_0_0
12886 36808 56644.80221811927 56652.201704022125 Baltimore_0_1
11116 31300 60983.26664865017 60990.66613455302 Gothenburg_1_1
10937 31121 60991.03412569401 60998.43361159686 Gothenburg_0_1
11026 31210 60998.99391967158 61006.39340557443 Gothenburg_1_0
10848 31032 61006.763875099336 61014.16336100219 Gothenburg_0_0
2427 7224 61018.406218498945 61025.8057044018 Hvidovre_1_0
12084 33630 61056.64487782121 61064.04436372406 Aberdeen_0_0
2343 7140 61088.419440013 61095.81892591585 Hvidovre_0_0
8695 23443 61116.154402424014 61123.55388832687 Warsaw_0_1
8618 23366 61123.70137422959 61131.10086013244 Warsaw_0_0
3952 9905 61159.30412510336 61166.70361100621 Dortmund_1_1
3801 9757 61167.10908229951 61174.508568202364 Dortmund_0_1
5183 12533 61174.84699618174 61182.24648208459 Troisdorf-Spich_1_0
4174 10269 61187.01406649099 61194.413552393846 Frankfurt_1_0
4761 11432 61194.812988904545 61202.2124748074 Mannheim_0_0
4909 12262 61204.8000688685 61212.19955477135 Stuttgart_0_1
4317 10412 61214.99687119085 61222.396357093705 Freiburg_0_0
10235 29212 61287.718907386065 61295.11839328892 El Prat De Llobregat_1_0
10530 30408 61332.764484643936 61340.16397054679 Valencia_0_0
10409 29964 61378.7426225543 61386.142108457156 Linares_1_0
10356 29911 61386.36100832932 61393.76049423217 Linares_0_0
14733 41173 61428.06511116354 61435.46459706639 Hanover Park_0_1
14264 40049 61436.022478030274 61443.42196393313 Elk Grove Village_0_0
14312 40097 61443.593876486106 61450.99336238896 Elk Grove Village_0_1
4611 10858 61468.87887349964 61476.278359402495 Hannover_1_1
4538 10785 61476.33647449168 61483.73596039454 Hannover_1_0
4465 10712 61483.84499952873 61491.24448543158 Hannover_0_1
3652 9608 61491.762141818144 61499.161627721 Bremen_1_1
3575 9531 61499.227838061415 61506.62732396427 Bremen_1_0
3498 9454 61506.75245040962 61514.151936312475 Bremen_0_1
10001 28284 61515.022212595766 61522.42169849862 Alovera_0_0
8063 21824 64281.71989136934 64289.119377272196 Hamilton_0_0
8119 21880 64289.29189413044 64296.69138003329 Hamilton_0_1
8007 21711 64297.71427232027 64305.113758223124 Auckland_0_0
6755 18392 65676.13765534759 65683.53714125045 Narita_0_0
6967 18706 65686.22601285577 65693.62549875863 Tokyo_1_0
6863 18602 65693.7014474769 65701.10093337976 Tokyo_0_0
6808 18445 65701.4463498584 65708.84583576125 Narita_0_1
7019 18758 65709.07356004222 65716.47304594508 Tokyo_1_1
6915 18654 65716.54970817434 65723.9491940772 Tokyo_0_1
11117 31301 66895.1457656622 66902.54525156505 Gothenburg_1_1
10938 31122 66902.60762904529 66910.00711494815 Gothenburg_0_1
11027 31211 66910.15666449326 66917.55615039612 Gothenburg_1_0
10849 31033 66917.6177231962 66925.01720909907 Gothenburg_0_0
2428 7225 66954.7360482812 66962.13553418405 Hvidovre_1_0
2344 7141 66962.1855018482 66969.58498775106 Hvidovre_0_0
12085 33631 66980.78309015055 66988.18257605341 Aberdeen_0_0
3421 9377 67004.61994555593 67012.01943145879 Bremen_0_0
4392 10639 67031.10454812646 67038.50403402932 Hannover_0_0
3953 9906 67038.95140652335 67046.35089242621 Dortmund_1_1
3802 9758 67046.41107349674 67053.8105593996 Dortmund_0_1
3878 9831 67053.93318904917 67061.33267495203 Dortmund_1_0
3727 9683 67061.39213292232 67068.79161882518 Dortmund_0_0
4248 10343 67089.67082509398 67097.07031099685 Frankfurt_1_1
4103 10198 67097.11804365407 67104.51752955694 Frankfurt_0_1
4175 10270 67104.61536366031 67112.01484956317 Frankfurt_1_0
5184 12534 67112.73628317915 67120.13576908202 Troisdorf-Spich_1_0
4030 10125 67120.81007356517 67128.20955946803 Frankfurt_0_0
4690 11361 67129.0454818227 67136.44496772556 Koeln_0_0
5113 12463 67136.54803453066 67143.94752043352 Troisdorf-Spich_0_0
7940 21202 67144.83561798351 67152.23510388637 Eindhoven_0_0
2671 8086 67152.62873194473 67160.02821784759 Bordeaux_0_1
10471 30137 67166.03326097131 67173.43274687417 Santander_0_0
10765 30643 67181.01492458582 67188.41441048868 Vitoria-Gasteiz_0_1
10704 30582 67188.48321079508 67195.88269669794 Vitoria-Gasteiz_0_0
10645 30523 67201.64338021529 67209.04286611815 Vigo_0_1
10587 30465 67209.15882867896 67216.55831458182 Vigo_0_0
8937 24415 67235.24049273133 67242.6399786342 Vila Franca Xira_1_1
8825 24303 67242.84947328607 67250.24895918893 Vila Franca Xira_0_1
1130 2939 68357.6527376473 68365.05222355016 Rio De Janeiro_1_0
1082 2891 68365.22464180701 68372.62412770987 Rio De Janeiro_0_0
935 2603 68452.39017745852 68459.78966336139 Campinas_0_1
887 2555 68459.82404518749 68467.22353109035 Campinas_0_0
1033 2793 68513.57567739487 68520.97516329773 Paranagua_0_0
982 2650 68556.69187626243 68564.09136216529 Curitiba_0_0
347 647 70231.32719919086 70238.72668509372 Derrimut_1_0
245 545 70239.1665796736 70246.56606557647 Derrimut_0_0
398 698 70247.11196467947 70254.51145058233 Derrimut_1_1
296 596 70254.95429186571 70262.35377776857 Derrimut_0_1
502 1001 70286.26422390263 70293.66370980549 Sydney_0_0
554 1053 70293.82009019994 70301.2195761028 Sydney_0_1
137 343 70335.90474747044 70343.3042333733 Adelaide_1_0
33 239 70343.52014543377 70350.91963133663 Adelaide_0_0
189 395 70351.16920708616 70358.56869298902 Adelaide_1_1
85 291 70358.78590846785 70366.18539437071 Adelaide_0_1
11193 32181 71415.66463077068 71423.06411667354 Kaohsiung_0_0
11472 32550 71423.15285137674 71430.5523372796 Tainan_1_0
11426 32504 71430.63690134854 71438.0363872514 Tainan_0_0
11698 32776 71439.11404315975 71446.5135290626 Teiyuan_0_0
11608 32686 71446.5135290626 71453.91301496547 Taoyuan_0_0
11518 32596 71454.10685295625 71461.50633885911 Taipei_0_0
11238 32226 71461.65137687835 71469.05086278121 Linkou_0_0
11743 32821 71469.05864148516 71476.45812738802 Teiyuan_0_1
11653 32731 71476.45812738802 71483.85761329088 Taoyuan_0_1
11563 32641 71484.05301747397 71491.45250337683 Taipei_0_1
11283 32271 71491.59865895625 71498.99814485911 Linkou_0_1
11376 32364 71499.55621191904 71506.9556978219 Nankan_1_0
11328 32316 71507.05048323782 71514.44996914068 Nankan_0_0
1834 5237 71516.75064674579 71524.15013264865 Ningbo_1_0
1735 5138 71524.29489132506 71531.69437722792 Ningbo_0_0
1883 5286 71531.89738733783 71539.29687324069 Ningbo_1_1
1785 5188 71539.44277189301 71546.84225779587 Ningbo_0_1
2150 5553 71547.21044448603 71554.60993038889 Shanghai_0_0
2200 5603 71554.67159565954 71562.0710815624 Shanghai_0_1
6968 18707 71609.94453380836 71617.34401971122 Tokyo_1_0
6916 18655 71617.56480004477 71624.96428594763 Tokyo_0_1
9948 28233 71659.33103897155 71666.73052487441 Seoul_1_0
9899 28186 71667.1622810594 71674.56176696226 Seoul_0_0
1131 2940 74297.051561445 74304.45104734786 Rio De Janeiro_1_0
1083 2892 74304.54090915988 74311.94039506275 Rio De Janeiro_0_0
936 2604 74314.9262460456 74322.32573194845 Campinas_0_1
888 2556 74322.35076578367 74329.75025168654 Campinas_0_0
1034 2794 74330.93537735513 74338.33486325799 Paranagua_0_0
983 2651 74339.33524058895 74346.7347264918 Curitiba_0_0
12778 36244 74374.74385342002 74382.14333932288 Montevideo_1_1
12670 36136 74382.58358781085 74389.98307371371 Montevideo_0_1
12724 36190 74390.51817392137 74397.91765982423 Montevideo_1_0
12616 36082 74398.35493846677 74405.75442436963 Montevideo_0_0
138 344 76237.06880867481 76244.46829457767 Adelaide_1_0
34 240 76244.56205886182 76251.96154476468 Adelaide_0_0
190 396 76252.10332261214 76259.502808515 Adelaide_1_1
86 292 76259.59573930531 76266.99522520817 Adelaide_0_1
451 951 76315.0191590563 76322.41864495917 Perth_0_0
8504 22568 77036.80366173387 77044.20314763673 Manila_1_0
8422 22486 77044.4211153722 77051.82060127506 Manila_0_0
8545 22609 77052.07602940245 77059.47551530531 Manila_1_1
8463 22527 77059.69219188968 77067.09167779254 Manila_0_1
11194 32182 77171.58327913284 77178.9827650357 Kaohsiung_0_0
11473 32551 77179.09981751764 77186.4993034205 Tainan_1_0
11427 32505 77186.68691416609 77194.08640006895 Tainan_0_0
11609 32687 77224.1683537662 77231.56783966906 Taoyuan_0_0
11377 32365 77232.56624107811 77239.96572698097 Nankan_1_0
11329 32317 77240.14141764038 77247.54090354324 Nankan_0_0
1835 5238 77317.50695034862 77324.90643625148 Ningbo_1_0
1736 5139 77325.0280390985 77332.42752500136 Ningbo_0_0
1884 5287 77332.56251561517 77339.96200151803 Ningbo_1_1
1786 5189 77340.08302226667 77347.48250816953 Ningbo_0_1
2151 5554 77347.52844054438 77354.92792644724 Shanghai_0_0
2201 5604 77354.94081596487 77362.34030186773 Shanghai_0_1
1509 4774 77397.8380050679 77405.23749097076 Chongqing_1_0
1460 4725 77405.81032116499 77413.20980706785 Chongqing_0_0
1409 4625 77445.56311890723 77452.96260481009 Beijing_0_0
16012 44134 79058.45276033878 79065.85224624164 Medford_0_0
15036 41523 79073.4165892899 79080.81607519276 Hebron_1_1
14933 41420 79081.20334959179 79088.60283549465 Hebron_0_1
14984 41471 79089.08234185456 79096.48182775742 Hebron_1_0
14881 41368 79096.87193749502 79104.27142339788 Hebron_0_0
17393 49410 79105.93287132119 79113.33235722405 Watertown_0_0
15947 43497 79197.55013021827 79204.94961612113 Little Hocking_1_0
17494 49511 79271.62592035532 79279.02540625818 West Columbia_0_1
17138 48702 79382.09647366405 79389.4959595669 Tampa_1_1
17040 48604 79389.6460368152 79397.04552271806 Tampa_0_1
17089 48653 79397.21554877245 79404.61503467531 Tampa_1_0
16992 48556 79404.76590252324 79412.1653884261 Tampa_0_0
1196 3446 79463.4955175964 79470.89500349926 Brampton_0_0
12887 36809 79475.06742676703 79482.46691266989 Baltimore_0_1
6059 15517 82993.85586744547 83001.25535334833 Salem_1_0
5971 15429 83001.43306810623 83008.83255400909 Salem_0_0
6103 15561 83009.05696993136 83016.45645583422 Salem_1_1
6015 15473 83016.6353671664 83024.03485306926 Salem_0_1
5924 15208 83136.73792910576 83144.13741500862 Panjim_0_0
5521 13196 83161.3784927317 83168.77797863456 Calcultta_0_0
5566 13239 83168.91818303861 83176.31766894147 Calcultta_0_1
5769 14125 83200.8710860312 83208.27057193406 Indore_1_0
5724 14080 83208.39032095762 83215.78980686048 Indore_0_0
5864 14406 83216.40742951067 83223.80691541353 Kanpur_1_0
5818 14360 83223.93901681592 83231.33850271878 Kanpur_0_0
5662 13420 83251.27322018147 83258.67270608433 Chandigarh_1_0
5613 13371 83258.98154493772 83266.38103084058 Chandigarh_0_0
8324 22305 83287.87284353375 83295.27232943662 Lahore_1_0
7194 18982 83422.82534462214 83430.224830525 Almaty_1_0
7076 18864 83430.67773039937 83438.07721630223 Almaty_0_0
7253 19041 83438.70780184842 83446.10728775128 Almaty_1_1
7135 18923 83446.56112534222 83453.96061124509 Almaty_0_1
16013 44135 85063.23038303852 85070.62986894138 Medford_0_0
15037 41524 85070.84361346533 85078.24309936819 Hebron_1_1
14934 41421 85078.30152503034 85085.7010109332 Hebron_0_1
14985 41472 85085.80068912936 85093.20017503222 Hebron_1_0
14882 41369 85093.25796848196 85100.65745438483 Hebron_0_0
17394 49411 85100.92266882854 85108.3221547314 Watertown_0_0
15694 43010 85108.83112403667 85116.23060993954 Lansdale_1_1
15592 42908 85116.3083893218 85123.70787522466 Lansdale_0_1
13402 38385 85129.56696642454 85136.9664523274 Columbus_1_0
13352 38335 85137.18084079682 85144.58032669968 Columbus_0_0
15899 43449 85146.49927452332 85153.89876042618 Little Hocking_0_0
13086 37255 85160.71892906248 85168.11841496534 Carmel_1_1
12988 37157 85168.44950127936 85175.84898718222 Carmel_0_1
13037 37206 85176.31624677441 85183.71573267727 Carmel_1_0
12940 37109 85184.04477994761 85191.44426585047 Carmel_0_0
17196 49120 85197.56932486872 85204.96881077158 Vandalia_0_0
14782 41269 85208.47225005498 85215.87173595784 Hazelwood_0_0
15194 41926 85228.81284038418 85236.21232628704 Huntsville_1_0
15090 41822 85236.49704239602 85243.89652829888 Huntsville_0_0
14530 40971 85257.7563548074 85265.15584071026 Grapevine_1_1
14478 40919 85265.32525081339 85272.72473671625 Grapevine_1_0
7546 20315 85294.26357386683 85301.6630597697 Monterrey_0_0
7446 19761 85351.15590369701 85358.55538959987 Aguascalientes_1_0
7402 19718 85358.97749094924 85366.3769768521 Aguascalientes_0_0
7776 20545 85380.10054063675 85387.50002653961 Pachuca_1_1
7730 20499 85387.65101822259 85395.05050412545 Pachuca_1_0
