1138 2947 0.0 7.399485902854087 Rio De Janeiro_1_0
1090 2899 7.884467374258253 15.283953277112339 Rio De Janeiro_0_0
943 2611 29.58628124579615 36.98576714865024 Campinas_0_1
895 2563 37.145305377521495 44.544791280375584 Campinas_0_0
1041 2801 47.80305589062579 55.20254179347988 Paranagua_0_0
990 2658 58.24572826127887 65.64521416413295 Curitiba_0_0
12677 36143 77.58161650725505 84.98110241010913 Montevideo_0_1
12785 36251 85.3378329301926 92.73731883304669 Montevideo_1_1
12623 36089 92.96382518404349 100.36331108689757 Montevideo_0_0
12731 36197 100.72217022629617 108.12165612915025 Montevideo_1_0
354 654 1684.0577335357666 1691.4572194386208 Derrimut_1_0
252 552 1691.6477628067769 1699.047248709631 Derrimut_0_0
405 705 1699.325916126905 1706.7254020297592 Derrimut_1_1
303 603 1706.9144461241785 1714.3139320270327 Derrimut_0_1
509 1008 1848.8446128070354 1856.2440987098896 Sydney_0_0
561 1060 1856.279580619327 1863.679066522181 Sydney_0_1
145 351 1877.8629405272611 1885.2624264301153 Adelaide_1_0
41 247 1885.660776596974 1893.0602624998282 Adelaide_0_0
197 403 1893.5980914478055 1900.9975773506596 Adelaide_1_1
93 299 1901.393913400536 1908.79339930339 Adelaide_0_1
458 957 1994.389596492052 2001.7890823949062 Perth_0_0
8509 22573 2560.908018440008 2568.307504342862 Manila_1_0
8427 22491 2568.9803188828755 2576.3798047857294 Manila_0_0
8550 22614 2577.205155531462 2584.604641434316 Manila_1_1
8468 22532 2585.27867024593 2592.6781561487837 Manila_0_1
11198 32186 2686.765381783247 2694.164867686101 Kaohsiung_0_0
11478 32556 2694.6918527643393 2702.091338667193 Tainan_1_0
11432 32510 2702.760183466281 2710.159669369135 Tainan_0_0
1651 5054 2741.9345073997974 2749.3339933026514 Guangzhou_1_0
1563 4966 2749.623720485093 2757.023206387947 Guangzhou_0_0
11703 32781 2783.528434009882 2790.927919912736 Teiyuan_0_0
11613 32691 2790.927919912736 2798.32740581559 Taoyuan_0_0
1695 5098 2824.4554314920993 2831.854917394953 Guangzhou_1_1
11523 32601 2859.0420288130053 2866.4415147158593 Taipei_0_0
1607 5010 2893.9203051621544 2901.3197910650083 Guangzhou_0_1
11243 32231 2927.9661003006613 2935.3655862035152 Linkou_0_0
2262 6132 2948.5659010323525 2955.9653869352064 Xiamen_0_0
11748 32826 2969.0858699183295 2976.4853558211835 Teiyuan_0_1
11658 32736 2976.4853558211835 2983.8848417240374 Taoyuan_0_1
11568 32646 2984.940127001103 2992.339612903957 Taipei_0_1
11383 32371 2997.16309681048 3004.562582713334 Nankan_1_0
11335 32323 3005.2151986926165 3012.6146845954704 Nankan_0_0
1842 5245 3022.300217661101 3029.699703563955 Ningbo_1_0
1743 5146 3030.249811487586 3037.64929739044 Ningbo_0_0
1891 5294 3038.3218158630525 3045.7213017659064 Ningbo_1_1
1793 5196 3046.2684281693437 3053.6679140721976 Ningbo_0_1
2158 5561 3054.3313110616555 3061.7307969645094 Shanghai_0_0
1416 4632 3071.1256787020934 3078.5251646049473 Beijing_0_0
16021 44143 4680.872537016869 4688.272022919723 Medford_0_0
15045 41532 4706.885642707348 4714.285128610202 Hebron_1_1
14942 41429 4714.384291525532 4721.783777428386 Hebron_0_1
14993 41480 4721.888821064008 4729.288306966862 Hebron_1_0
14890 41377 4729.3878942701795 4736.787380173034 Hebron_0_0
17402 49419 4737.213773092461 4744.613258995316 Watertown_0_0
15701 43017 4796.6233796179295 4804.022865520784 Lansdale_1_1
15599 42915 4804.091937898155 4811.49142380101 Lansdale_0_1
15650 42966 4811.561578114198 4818.961064017052 Lansdale_1_0
15548 42864 4819.03036986039 4826.429855763245 Lansdale_0_0
459 958 7711.784965723753 7719.184451626607 Perth_0_0
5526 13199 8757.637500315905 8765.036986218758 Calcultta_0_0
5571 13242 8765.07354708824 8772.473032991093 Calcultta_0_1
5251 12751 8778.956442036391 8786.355927939245 Ahmedabad_0_0
5299 12799 8786.442562454713 8793.842048357566 Ahmedabad_0_1
1517 4782 8843.3313089091 8850.730794811954 Chongqing_1_0
1468 4733 8850.86495356452 8858.264439467373 Chongqing_0_0
5668 13426 8984.120324134827 8991.51981003768 Chandigarh_1_0
5619 13377 8992.413723170757 8999.81320907361 Chandigarh_0_0
7201 18989 9048.899465054274 9056.298950957127 Almaty_1_0
7083 18871 9056.431150141387 9063.83063604424 Almaty_0_0
7260 19048 9064.042349921117 9071.44183582397 Almaty_1_1
7142 18930 9071.575224571976 9078.97471047483 Almaty_0_1
15385 42311 10520.618852049112 10528.018337951966 Ironton_1_0
15320 42246 10528.147823901905 10535.547309804759 Ironton_0_0
16022 44144 10585.086546001132 10592.486031903985 Medford_0_0
1204 3454 10611.977576944442 10619.377062847296 Brampton_0_0
15046 41533 10637.895318165773 10645.294804068626 Hebron_1_1
14943 41430 10645.516897277465 10652.916383180318 Hebron_0_1
14994 41481 10653.246261225071 10660.645747127925 Hebron_1_0
14891 41378 10660.866113979575 10668.265599882428 Hebron_0_0
17403 49420 10669.298573382906 10676.69805928576 Watertown_0_0
15702 43018 10679.108303081373 10686.507788984227 Lansdale_1_1
13408 38391 10707.475707036909 10714.875192939762 Columbus_1_0
13358 38341 10715.429445364318 10722.828931267171 Columbus_0_0
15954 43504 10728.481291049131 10735.880776951984 Little Hocking_1_0
15201 41933 10748.217701647824 10755.617187550677 Huntsville_1_0
14023 39809 10759.36123464715 10766.760720550003 Edwardsville_0_1
13972 39758 10766.90775442112 10774.307240323973 Edwardsville_0_0
7782 20551 10995.987715899944 11003.387201802798 Pachuca_1_1
7691 20460 11003.530137073732 11010.929622976586 Pachuca_0_1
7736 20505 11011.093884554166 11018.49337045702 Pachuca_1_0
7645 20414 11018.637074530236 11026.03656043309 Pachuca_0_0
6064 15522 14366.08286589384 14373.482351796694 Salem_1_0
5976 15434 14373.944690594857 14381.34417649771 Salem_0_0
6108 15566 14381.89612196922 14389.295607872073 Salem_1_1
6020 15478 14389.755180469552 14397.154666372406 Salem_0_1
5928 15212 14428.492537230253 14435.892023133107 Panjim_0_0
5527 13200 14572.496767252684 14579.896253155537 Calcultta_0_0
5572 13243 14579.917553012152 14587.317038915005 Calcultta_0_1
5772 14128 14606.864658568038 14614.264144470892 Indore_1_0
5727 14083 14614.890823085847 14622.2903089887 Indore_0_0
5867 14409 14624.963512428014 14632.362998330867 Kanpur_1_0
5821 14363 14632.954923397327 14640.35440930018 Kanpur_0_0
5433 13019 14643.824795392638 14651.224281295492 Baroda_1_0
5345 12931 14651.870995280195 14659.270481183048 Baroda_0_0
5477 13063 14660.059608723624 14667.459094626478 Baroda_1_1
5389 12975 14668.103498667264 14675.502984570117 Baroda_0_1
8179 22160 14694.147941679423 14701.547427582276 Karachi_0_0
5669 13427 14736.691394102267 14744.09088000512 Chandigarh_1_0
5620 13378 14744.373265546548 14751.772751449402 Chandigarh_0_0
8331 22312 14756.080467638005 14763.479953540858 Lahore_1_0
8229 22210 14763.87466491919 14771.274150822044 Lahore_0_0
8382 22363 14771.746152863063 14779.145638765916 Lahore_1_1
8279 22260 14779.537742762403 14786.937228665256 Lahore_0_1
7202 18990 14893.22327697277 14900.622762875624 Almaty_1_0
7084 18872 14900.797560238325 14908.197046141178 Almaty_0_0
7261 19049 14908.394795225387 14915.794281128241 Almaty_1_1
7143 18931 14915.968052987078 14923.367538889932 Almaty_0_1
1345 3595 16338.291193664074 16345.690679566927 Calgary_1_0
1273 3523 16345.881278060311 16353.280763963165 Calgary_0_0
15386 42312 16398.698164858408 16406.09765076126 Ironton_1_0
15321 42247 16406.28448028464 16413.683966187495 Ironton_0_0
14318 40103 16489.20032045245 16496.599806355305 Elk Grove Village_0_1
14739 41179 16496.659925228527 16504.05941113138 Hanover Park_0_1
14270 40055 16504.167583975046 16511.5670698779 Elk Grove Village_0_0
14691 41131 16511.626579277112 16519.026065179965 Hanover Park_0_0
15443 42555 16519.189156181674 16526.588642084527 Joliet_0_0
17347 49271 16564.11369341612 16571.513179318972 Vandalia_1_1
17251 49175 16571.579447510165 16578.97893341302 Vandalia_0_1
17299 49223 16579.086442717573 16586.485928620426 Vandalia_1_0
17203 49127 16586.551524795872 16593.951010698725 Vandalia_0_0
15801 43117 16596.592762231903 16603.992248134757 Laredo_1_0
15752 43068 16604.116444550284 16611.515930453137 Laredo_0_0
14837 41324 16613.863833382737 16621.26331928559 Hazelwood_1_0
14789 41276 16621.34001848156 16628.73950438441 Hazelwood_0_0
16342 45494 16629.973988432906 16637.37347433576 Moberly_1_0
16242 45394 16637.478437982507 16644.87792388536 Moberly_0_0
7600 20369 16743.618386000395 16751.01787190325 Monterrey_1_0
7554 20323 16751.18776616054 16758.587252063393 Monterrey_0_0
7503 20092 16768.084026603392 16775.483512506245 Matamoros_0_0
7453 19768 16803.481232583523 16810.880718486376 Aguascalientes_1_0
7409 19725 16811.080447751876 16818.47993365473 Aguascalientes_0_0
7783 20552 16881.503284096718 16888.90276999957 Pachuca_1_1
7692 20461 16889.005122357397 16896.40460826025 Pachuca_0_1
7737 20506 16896.54101200415 16903.940497907002 Pachuca_1_0
7646 20415 16904.042072058674 16911.441557961527 Pachuca_0_0
6330 16778 20696.25617814064 20703.655664043494 Lod_0_0
2498 7295 20772.525052577257 20779.92453848011 Alexandria_0_0
6384 17027 20785.859651716353 20793.259137619207 Migdal Haemek_0_0
2547 7344 20799.150653099598 20806.55013900245 Alexandria_0_1
6434 17077 20812.53334260953 20819.932828512385 Migdal Haemek_0_1
11800 32997 20820.302838860574 20827.702324763428 Ankara_0_0
11958 33155 20869.185628563166 20876.58511446602 Istanbul_1_0
11853 33050 20876.727874615466 20884.12736051832 Istanbul_0_0
12010 33207 20884.348467366777 20891.74795326963 Istanbul_1_1
11905 33102 20891.89195138874 20899.291437291595 Istanbul_0_1
9005 24593 20943.377720296383 20950.777206199236 Otopeni_0_0
9067 24655 20950.853041819963 20958.252527722816 Otopeni_0_1
9205 25194 21108.251955330372 21115.651441233225 Senec_1_0
9138 25127 21115.706212512974 21123.105698415828 Senec_0_0
8627 23375 21126.452226851143 21133.851712753996 Warsaw_0_0
8704 23452 21133.945460917723 21141.344946820576 Warsaw_0_1
2439 7236 21195.497071921825 21202.89655782468 Hvidovre_1_0
2355 7152 21202.954105453788 21210.35359135664 Hvidovre_0_0
11038 31222 21211.233514265594 21218.633000168447 Gothenburg_1_0
11128 31312 21218.722886906657 21226.12237280951 Gothenburg_1_1
1346 3596 22210.49304190278 22217.892527805634 Calgary_1_0
1274 3524 22218.03151033195 22225.430996234805 Calgary_0_0
16940 47738 22478.3684579432 22485.767943846055 Salt Lake City_1_1
16841 47639 22485.825714840223 22493.225200743076 Salt Lake City_0_1
16891 47689 22493.322629048856 22500.72211495171 Salt Lake City_1_0
16791 47589 22500.77926479712 22508.17875069997 Salt Lake City_0_0
13196 37563 22559.64146193862 22567.040947841473 Carson_0_1
15497 42813 22567.151563647807 22574.55104955066 Lakewood_0_0
13146 37513 22574.616230543626 22582.01571644648 Carson_0_0
690 1189 22612.796126865815 22620.195612768668 Graz_1_0
823 1322 22622.179573108453 22629.579059011307 Linz_1_0
756 1255 22630.048785098475 22637.44827100133 Linz_0_0
4547 10794 22644.113680846538 22651.51316674939 Hannover_1_0
4474 10721 22651.70092284688 22659.100408749735 Hannover_0_1
4401 10648 22659.30440813044 22666.703894033293 Hannover_0_0
3585 9541 22667.599585069944 22674.999070972797 Bremen_1_0
3508 9464 22675.16623063124 22682.565716534093 Bremen_0_1
3431 9387 22682.770924837598 22690.17041074045 Bremen_0_0
9852 27806 25607.84265115857 25615.242137061425 Welkom_0_0
7837 21027 25634.90559299414 25642.305078896992 Maputo_0_0
7883 21073 25642.463823311784 25649.863309214637 Maputo_0_1
9257 25382 25665.532578442606 25672.93206434546 Bedfordview_0_0
9665 27524 25673.187382803953 25680.586868706807 Roodepoort_1_0
9757 27615 25681.113932332966 25688.51341823582 Spartan_0_0
9572 27431 25689.482524096446 25696.8820099993 Roodepoort_0_0
9303 25427 25697.671130856786 25705.07061675964 Bedfordview_0_1
9712 27570 25705.327539811155 25712.727025714008 Roodepoort_1_1
9803 27660 25713.257434234234 25720.656920137088 Spartan_0_1
9619 27478 25721.632180631743 25729.031666534596 Roodepoort_0_1
9520 27171 25735.9351050322 25743.334590935054 Polokwane_1_1
2499 7296 26563.896485179663 26571.295971082516 Alexandria_0_0
2548 7345 26571.32317668895 26578.722662591805 Alexandria_0_1
6331 16779 26649.2467148602 26656.646200763054 Lod_0_0
6385 17028 26682.7579382658 26690.157424168654 Migdal Haemek_0_0
6435 17078 26690.162502675954 26697.561988578807 Migdal Haemek_0_1
11801 32998 26751.37635204196 26758.775837944813 Ankara_0_0
11959 33156 26761.412404127157 26768.81189003001 Istanbul_1_0
11854 33051 26768.96620228654 26776.365688189395 Istanbul_0_0
12011 33208 26776.537722888625 26783.937208791478 Istanbul_1_1
11906 33103 26784.090687746924 26791.490173649778 Istanbul_0_1
9006 24594 26794.121215926807 26801.52070182966 Otopeni_0_0
9068 24656 26801.55249351405 26808.951979416903 Otopeni_0_1
10244 29221 26858.98839405661 26866.387879959464 El Prat De Llobregat_1_0
10188 29165 26866.49682301119 26873.896308914045 El Prat De Llobregat_0_0
3004 8689 26880.303539730892 26887.703025633746 Nice_0_0
3067 8752 26887.82407939959 26895.223565302444 Nice_0_1
6567 17682 26899.901744326275 26907.301230229128 Milan_0_1
4327 10422 26907.562288420493 26914.961774323347 Freiburg_0_0
4849 12202 26918.37840594994 26925.777891852795 Stuttgart_0_0
4917 12270 26925.957770017187 26933.35725592004 Stuttgart_0_1
4770 11441 26934.25326563924 26941.652751542093 Mannheim_0_0
4184 10279 26943.134086751244 26950.533572654098 Frankfurt_1_0
4257 10352 26950.72033666342 26958.119822566274 Frankfurt_1_1
5193 12543 26960.648108588255 26968.04759449111 Troisdorf-Spich_1_0
3888 9841 26969.446702391862 26976.846188294716 Dortmund_1_0
3964 9917 26977.033875333454 26984.433361236308 Dortmund_1_1
3663 9619 26989.149090359075 26996.54857626193 Bremen_1_1
2440 7237 27008.139723337827 27015.53920924068 Hvidovre_1_0
2356 7153 27015.928384509927 27023.32787041278 Hvidovre_0_0
11039 31223 27024.841831112197 27032.24131701505 Gothenburg_1_0
10861 31045 27032.60434189751 27040.003827800363 Gothenburg_0_0
11129 31313 27040.548891029364 27047.948376932218 Gothenburg_1_1
10950 31134 27048.3088627047 27055.708348607553 Gothenburg_0_1
8014 21718 29690.481031626463 29697.880517529316 Auckland_0_0
8126 21887 29698.825084480442 29706.224570383296 Hamilton_0_1
8070 21831 29706.31609817957 29713.715584082423 Hamilton_0_0
4548 10795 29719.104795759904 29726.504281662757 Hannover_1_0
4402 10649 29726.56421085855 29733.963696761402 Hannover_0_0
4475 10722 29733.968210057963 29741.367695960816 Hannover_0_1
10133 29110 29758.133014419127 29765.53250032198 Coslada_0_1
10078 29057 29765.64069458046 29773.040180483313 Coslada_0_0
3586 9542 29789.612082087402 29797.011567990256 Bremen_1_0
3432 9388 29797.076979987312 29804.476465890166 Bremen_0_0
3509 9465 29804.480317556878 29811.87980345973 Bremen_0_1
10417 29972 32581.14122581482 32588.540711717673 Linares_1_0
10364 29919 32589.021611326007 32596.42109722886 Linares_0_0
10539 30417 32606.845097094774 32614.244582997628 Valencia_0_0
8888 24366 32638.74113588113 32646.140621783983 Vila Franca Xira_1_0
8776 24254 32646.667958846425 32654.06744474928 Vila Franca Xira_0_0
8944 24422 32654.76864270158 32662.168128604433 Vila Franca Xira_1_1
8832 24310 32662.69572123013 32670.095207132985 Vila Franca Xira_0_1
10310 29865 32687.461663681388 32694.86114958424 Las Rozas_0_0
10010 28293 32696.565035809996 32703.96452171285 Alovera_0_0
10245 29222 32714.253906071543 32721.653391974396 El Prat De Llobregat_1_0
10189 29166 32721.85900282695 32729.258488729804 El Prat De Llobregat_0_0
3005 8690 32734.205550074577 32741.60503597743 Nice_0_0
3068 8753 32741.610139629945 32749.0096255328 Nice_0_1
6698 17813 32800.713030189276 32808.11251609213 Milan_1_1
6568 17683 32808.185047466664 32815.58453336952 Milan_0_1
2938 8424 32817.98739640764 32825.38688231049 Lyon_1_0
2873 8359 32825.51076861099 32832.910254513845 Lyon_0_0
4985 12338 32852.06689694524 32859.46638284809 Stuttgart_1_0
4918 12271 32859.53626516283 32866.935751065685 Stuttgart_0_1
4771 11442 32867.24628166146 32874.64576756431 Mannheim_0_0
4185 10280 32874.80453326136 32882.204019164215 Frankfurt_1_0
5194 12544 32882.914580418095 32890.31406632095 Troisdorf-Spich_1_0
5122 12472 32890.3965181062 32897.796004009055 Troisdorf-Spich_0_0
4699 11370 32897.88137893162 32905.28086483447 Koeln_0_0
12318 33864 32909.88278481816 32917.282270721014 Aylesford_1_0
12390 33936 32917.307662270054 32924.70714817291 Aylesford_1_1
12467 34311 32927.42065874559 32934.820144648445 Birmingham_0_0
12096 33642 32935.70645721516 32943.10594311801 Aberdeen_0_0
8015 21719 35584.695828408 35592.095314310856 Auckland_0_0
8127 21888 35604.60168033838 35612.001166241236 Hamilton_0_1
8071 21832 35612.00859373311 35619.40807963596 Hamilton_0_0
562 1061 35672.51730544068 35679.91679134353 Sydney_0_1
510 1009 35679.993699657476 35687.39318556033 Sydney_0_0
6816 18453 40373.25045439601 40380.64994029886 Narita_0_1
7026 18765 40381.441857129335 40388.84134303219 Tokyo_1_1
6922 18661 40388.964105749576 40396.36359165243 Tokyo_0_1
6763 18400 40396.80688497432 40404.206370877175 Narita_0_0
6974 18713 40404.51467898687 40411.91416488972 Tokyo_1_0
6870 18609 40412.03751616443 40419.43700206729 Tokyo_0_0
563 1062 41476.81332454085 41484.21281044371 Sydney_0_1
511 1010 41484.22164200637 41491.621127909224 Sydney_0_0
198 404 41513.04829924459 41520.447785147444 Adelaide_1_1
94 300 41521.00688233138 41528.40636823423 Adelaide_0_1
146 352 41529.106136335635 41536.50562223849 Adelaide_1_0
42 248 41537.061911669174 41544.46139757203 Adelaide_0_0
406 706 41560.670697526046 41568.0701834289 Derrimut_1_1
304 604 41568.30631471496 41575.70580061781 Derrimut_0_1
355 655 41575.97903586666 41583.37852176951 Derrimut_1_0
253 553 41583.61314687872 41591.012632781574 Derrimut_0_0
12732 36198 43421.57433715463 43428.97382305748 Montevideo_1_0
12624 36090 43429.0488853703 43436.44837127315 Montevideo_0_0
12786 36252 43436.5271247052 43443.926610608054 Montevideo_1_1
12678 36144 43444.00195066652 43451.40143656937 Montevideo_0_1
1042 2802 43460.13565944641 43467.53514534926 Paranagua_0_0
991 2659 43468.88856254186 43476.288048444716 Curitiba_0_0
1139 2948 43495.62685012501 43503.02633602786 Rio De Janeiro_1_0
1091 2900 43503.682509726335 43511.08199562919 Rio De Janeiro_0_0
896 2564 43524.04152159019 43531.44100749304 Campinas_0_0
944 2612 43531.527557769354 43538.92704367221 Campinas_0_1
1205 3455 44819.88829061389 44827.28777651674 Brampton_0_0
6817 18454 46215.82434487343 46223.22383077628 Narita_0_1
6764 18401 46223.29220965927 46230.69169556212 Narita_0_0
7027 18766 46231.08622870451 46238.48571460736 Tokyo_1_1
6923 18662 46238.6435013685 46246.04298727135 Tokyo_0_1
6975 18714 46246.271731270484 46253.67121717334 Tokyo_1_0
6871 18610 46253.82770856841 46261.22719447126 Tokyo_0_0
1417 4633 46313.90448769765 46321.3039736005 Beijing_0_0
9956 28241 46342.35142179705 46349.750907699905 Seoul_1_0
9907 28194 46350.30227358601 46357.70175948886 Seoul_0_0
2107 5510 46372.91195170131 46380.31143760416 Qingdao_1_1
1999 5402 46380.57654486457 46387.97603076742 Qingdao_0_1
2053 5456 46388.28749292816 46395.686978831014 Qingdao_1_0
1945 5348 46395.95382795746 46403.353313860316 Qingdao_0_0
2209 5612 46407.123028849564 46414.52251475242 Shanghai_0_1
2159 5562 46414.59568822589 46421.995174128744 Shanghai_0_0
1892 5295 46423.12134629482 46430.520832197675 Ningbo_1_1
1794 5197 46430.92770126334 46438.32718716619 Ningbo_0_1
1843 5246 46438.81606048443 46446.215546387284 Ningbo_1_0
1744 5147 46446.62514005686 46454.02462595971 Ningbo_0_0
11384 32372 46455.72167286395 46463.1211587668 Nankan_1_0
11336 32324 46463.49236424082 46470.89185014367 Nankan_0_0
11569 32647 46475.47878554862 46482.878271451475 Taipei_0_1
11289 32277 46483.53543852454 46490.93492442739 Linkou_0_1
11749 32827 46490.97572497054 46498.3752108734 Teiyuan_0_1
11659 32737 46498.3752108734 46505.77469677625 Taoyuan_0_1
11524 32602 46506.57139664504 46513.970882547896 Taipei_0_0
11244 32232 46514.632221103944 46522.0317070068 Linkou_0_0
11614 32692 46522.07271271176 46529.47219861461 Taoyuan_0_0
2263 6133 46536.49701464847 46543.896500551324 Xiamen_0_0
11479 32557 46549.37889139071 46556.778377293565 Tainan_1_0
11433 32511 46557.214687235726 46564.61417313858 Tainan_0_0
11199 32187 46565.07401894468 46572.473504847534 Kaohsiung_0_0
8551 22615 46580.61271059294 46588.012196495794 Manila_1_1
8469 22533 46588.658317631314 46596.05780353417 Manila_0_1
8510 22574 46596.83954010866 46604.23902601151 Manila_1_0
8428 22492 46604.887997101694 46612.28748300455 Manila_0_0
460 959 47313.31203761697 47320.71152351982 Perth_0_0
16023 44145 47355.661275113234 47363.06076101609 Medford_0_0
757 1256 47367.624213950134 47375.02369985299 Linz_0_0
824 1323 47375.094236013174 47382.49372191603 Linz_1_0
691 1190 47383.02867001148 47390.428155914335 Graz_1_0
12733 36199 49175.52217528224 49182.92166118509 Montevideo_1_0
12625 36091 49183.18729380468 49190.58677970753 Montevideo_0_0
12787 36253 49190.95663517188 49198.356121074736 Montevideo_1_1
12679 36145 49198.61989974017 49206.01938564303 Montevideo_0_1
17098 48662 50236.19643869996 50243.595924602814 Tampa_1_0
17001 48565 50244.062144383046 50251.4616302859 Tampa_0_0
17147 48711 50252.06533913871 50259.46482504156 Tampa_1_1
17049 48613 50259.933234279255 50267.33272018211 Tampa_0_1
13870 39462 50304.91346120834 50312.3129471112 Edison_0_0
13919 39511 50312.437352426896 50319.83683832975 Edison_0_1
14591 41032 50325.63226982951 50333.031755732365 Greenville_0_0
14642 41083 50333.133948643 50340.533434545854 Greenville_0_1
16120 44242 50379.35670670867 50386.75619261152 Melville_1_0
16070 44192 50386.882835665056 50394.28232156791 Melville_0_0
17450 49467 50417.242523626555 50424.64200952941 West Columbia_0_0
17502 49519 50424.80977777837 50432.20926368122 West Columbia_0_1
13302 37940 50447.59378903245 50454.9932749353 Chelsea_1_0
15854 43404 50461.08142523579 50468.48091113864 Lawrenceville_0_0
13252 37890 50474.87740934396 50482.27689524681 Chelsea_0_0
13973 39759 50484.770674231 50492.17016013385 Edwardsville_0_0
14024 39810 50492.2968660302 50499.69635193305 Edwardsville_0_1
15202 41934 50500.950753957855 50508.35023986071 Huntsville_1_0
15254 41986 50508.47156332223 50515.87104922508 Huntsville_1_1
16553 45944 50517.64590213204 50525.045388034894 New Johnsonville_1_0
16447 45838 50525.328158683544 50532.7276445864 New Johnsonville_0_0
15955 43505 50552.61148640449 50560.01097230734 Little Hocking_1_0
15906 43456 50560.564505925846 50567.9639918287 Little Hocking_0_0
13359 38342 50571.4778656353 50578.877351538154 Columbus_0_0
1206 3456 50592.51580077497 50599.915286677824 Brampton_0_0
15387 42313 50630.638875266464 50638.03836116932 Ironton_1_0
15322 42248 50638.240862711034 50645.64034861389 Ironton_0_0
1418 4634 52070.36996087432 52077.76944677717 Beijing_0_0
2108 5511 52190.02096223831 52197.420448141165 Qingdao_1_1
2000 5403 52197.496674170594 52204.89616007345 Qingdao_0_1
2054 5457 52205.01410764914 52212.413593551995 Qingdao_1_0
1946 5349 52212.48909637077 52219.88858227363 Qingdao_0_0
1518 4783 52239.77355915308 52247.17304505593 Chongqing_1_0
1469 4734 52247.60804161259 52255.007527515445 Chongqing_0_0
1697 5100 52399.017562776804 52406.41704867966 Guangzhou_1_1
1609 5012 52406.52996334682 52413.92944924967 Guangzhou_0_1
1653 5056 52414.082041335765 52421.48152723862 Guangzhou_1_0
1565 4968 52421.59356918122 52428.99305508407 Guangzhou_0_0
5300 12800 52486.07268350053 52493.47216940339 Ahmedabad_0_1
5252 12752 52493.48519366883 52500.88467957168 Ahmedabad_0_0
14271 40056 52501.85895666547 52509.25844256832 Elk Grove Village_0_0
14319 40104 52509.258532657266 52516.65801856012 Elk Grove Village_0_1
14692 41132 52516.71558475643 52524.11507065928 Hanover Park_0_0
14740 41180 52524.11516689839 52531.51465280124 Hanover Park_0_1
10134 29111 52537.68034369668 52545.079829599534 Coslada_0_1
10079 29058 52545.11208288387 52552.51156878672 Coslada_0_0
3433 9389 52570.555080287704 52577.95456619056 Bremen_0_0
3510 9466 52578.12215425127 52585.521640154126 Bremen_0_1
3587 9543 52586.10308091706 52593.502566819916 Bremen_1_0
4403 10650 52596.205467569656 52603.60495347251 Hannover_0_0
4476 10723 52603.789227966554 52611.18871386941 Hannover_0_1
4549 10796 52611.805963912964 52619.20544981582 Hannover_1_0
7738 20507 56015.36978060007 56022.769266502924 Pachuca_1_0
7647 20416 56023.36815005606 56030.76763595892 Pachuca_0_0
7784 20553 56031.49063400071 56038.89011990356 Pachuca_1_1
7693 20462 56039.486093151696 56046.88557905455 Pachuca_0_1
7454 19769 56058.93375763179 56066.333243534646 Aguascalientes_1_0
7410 19726 56067.002359883176 56074.40184578603 Aguascalientes_0_0
7601 20370 56105.14291322231 56112.54239912517 Monterrey_1_0
7555 20324 56113.13725590845 56120.5367418113 Monterrey_0_0
7504 20093 56140.79340445995 56148.19289036281 Matamoros_0_0
16121 44243 56229.54651108384 56236.945996986695 Melville_1_0
16071 44193 56237.08750180837 56244.48698771122 Melville_0_0
14489 40930 56283.65996143222 56291.05944733507 Grapevine_1_0
14384 40825 56291.19843357663 56298.597919479485 Grapevine_0_0
14541 40982 56298.75240883958 56306.151894742434 Grapevine_1_1
14437 40878 56306.2901851448 56313.68967104765 Grapevine_0_1
16961 48252 56390.33167913556 56397.731165038414 St. Louis_0_0
14838 41325 56397.74240438524 56405.14189028809 Hazelwood_1_0
14790 41277 56405.23446043225 56412.6339463351 Hazelwood_0_0
16343 45495 56413.820106959065 56421.21959286192 Moberly_1_0
16243 45395 56421.340684031326 56428.74016993418 Moberly_0_0
16393 45545 56428.87193724207 56436.27142314492 Moberly_1_1
16293 45445 56436.39194206329 56443.79142796614 Moberly_0_1
15802 43118 56444.409587269176 56451.80907317203 Laredo_1_0
15753 43069 56451.94573081973 56459.345216722584 Laredo_0_0
13569 39039 56481.25918371162 56488.65866961447 Denver_1_0
13469 38939 56489.19689169109 56496.596377593945 Denver_0_0
13619 39089 56497.28712315387 56504.68660905672 Denver_1_1
13519 38989 56505.22244724691 56512.62193314976 Denver_0_1
15388 42314 56535.10035539594 56542.49984129879 Ironton_1_0
15323 42249 56542.62051732779 56550.020003230646 Ironton_0_0
1347 3597 56585.702559705365 56593.10204560822 Calgary_1_0
1275 3525 56593.48398185224 56600.88346775509 Calgary_0_0
7262 19050 57953.89387375116 57961.29335965402 Almaty_1_1
7144 18932 57961.71328090695 57969.112766809805 Almaty_0_1
7203 18991 57969.64294205006 57977.04242795291 Almaty_1_0
7085 18873 57977.4653829193 57984.86486882215 Almaty_0_0
8383 22364 58153.93519037962 58161.33467628247 Lahore_1_1
8280 22261 58161.84428144256 58169.24376734541 Lahore_0_1
8332 22313 58169.8681385423 58177.26762444515 Lahore_1_0
8230 22211 58177.78037991077 58185.179865813625 Lahore_0_0
5670 13428 58194.97133262709 58202.37081852994 Chandigarh_1_0
5621 13379 58203.00041682643 58210.39990272928 Chandigarh_0_0
5301 12801 58270.93411335349 58278.333599256344 Ahmedabad_0_1
5253 12753 58278.38465301272 58285.78413891557 Ahmedabad_0_0
5573 13244 58305.96650868654 58313.365994589396 Calcultta_0_1
5528 13201 58313.448546520085 58320.84803242294 Calcultta_0_0
8180 22161 58368.2641903611 58375.663676263954 Karachi_0_0
5478 13064 58389.24794547747 58396.64743138033 Baroda_1_1
5868 14410 58400.8766841446 58408.27617004745 Kanpur_1_0
5390 12976 58413.07097626618 58420.47046216903 Baroda_0_1
5822 14364 58424.62719649097 58432.02668239382 Kanpur_0_0
5434 13020 58435.49787981579 58442.89736571864 Baroda_1_0
5346 12932 58443.466069299684 58450.86555520254 Baroda_0_0
5773 14129 58454.543064598234 58461.94255050109 Indore_1_0
5728 14084 58462.56969629636 58469.96918219922 Indore_0_0
6109 15567 58497.35669302744 58504.75617893029 Salem_1_1
6021 15479 58505.177661237896 58512.57714714075 Salem_0_1
6065 15523 58513.09661987815 58520.49610578101 Salem_1_0
5977 15435 58520.91501731065 58528.3145032135 Salem_0_0
16666 46349 62305.72335246205 62313.12283836491 Phoenix_0_0
16719 46402 62313.12641478472 62320.52590068757 Phoenix_0_1
17653 49774 62324.680280810964 62332.07976671382 Wilmington_0_0
13148 37515 62332.08662849315 62339.486114396 Carson_0_0
15499 42815 62339.61862399662 62347.01810989947 Lakewood_0_0
13198 37565 62347.12799201 62354.52747791285 Carson_0_1
16842 47640 62451.45616593957 62458.85565184242 Salt Lake City_0_1
1348 3598 62547.81523403525 62555.21471993811 Calgary_1_0
1276 3526 62555.277729082125 62562.67721498498 Calgary_0_0
7263 19051 63944.18177679181 63951.581262694664 Almaty_1_1
7145 18933 63951.635779204335 63959.03526510719 Almaty_0_1
7204 18992 63959.131369426876 63966.53085532973 Almaty_1_0
7086 18874 63966.58475890721 63973.98424481006 Almaty_0_0
8181 22162 64293.005512833595 64300.40499873645 Karachi_0_0
7352 19182 64906.81037160754 64914.209857510396 Lilongwe_0_1
7310 19140 64914.26440204787 64921.66388795072 Lilongwe_0_0
9521 27172 65089.85719144344 65097.2566773463 Polokwane_1_1
9428 27080 65097.40642720473 65104.805913107586 Polokwane_0_1
9475 27127 65105.00910915738 65112.40859506023 Polokwane_1_0
9382 27034 65112.55948701037 65119.95897291322 Polokwane_0_0
7884 21074 65124.54653274104 65131.946018643896 Maputo_0_1
7838 21028 65132.03428072151 65139.43376662437 Maputo_0_0
9804 27661 65144.531974361525 65151.93146026438 Spartan_0_1
9304 25428 65151.98158062637 65159.381066529226 Bedfordview_0_1
9713 27571 65159.46484474472 65166.86433064757 Roodepoort_1_1
9620 27479 65166.9931810649 65174.39266696775 Roodepoort_0_1
9758 27616 65174.706456139465 65182.10594204232 Spartan_0_0
9258 25383 65182.15641166657 65189.55589756942 Bedfordview_0_0
9666 27525 65189.64035143349 65197.03983733634 Roodepoort_1_0
9573 27432 65197.16970774399 65204.56919364684 Roodepoort_0_0
9853 27807 65204.86986178034 65212.26934768319 Welkom_0_0
10952 31136 69719.38065350056 69726.78013940342 Gothenburg_0_1
11131 31315 69726.82723296857 69734.22671887143 Gothenburg_1_1
10863 31047 69734.2833290104 69741.68281491326 Gothenburg_0_0
11041 31225 69741.73000661648 69749.12949251934 Gothenburg_1_0
2358 7155 69757.31065440178 69764.71014030464 Hvidovre_0_0
2442 7239 69764.76114121765 69772.16062712051 Hvidovre_1_0
3282 9238 69801.75840947032 69809.15789537318 Berlin_0_0
3356 9312 69809.21688812027 69816.61637402313 Berlin_1_0
8706 23454 69820.72495930352 69828.12444520638 Warsaw_0_1
8629 23377 69828.13829254128 69835.53777844414 Warsaw_0_0
9207 25196 69837.78760864872 69845.18709455158 Senec_1_0
9140 25129 69845.28942021735 69852.68890612021 Senec_0_0
626 1125 69864.68773049116 69872.08721639402 Graz_0_0
9069 24657 69883.93032837273 69891.3298142756 Otopeni_0_1
9007 24595 69891.40761910683 69898.80710500969 Otopeni_0_0
12012 33209 69909.02624879176 69916.42573469463 Istanbul_1_1
11907 33104 69916.94188991963 69924.34137582249 Istanbul_0_1
6436 17079 69973.92507573962 69981.32456164248 Migdal Haemek_0_1
6386 17029 69981.4367183608 69988.83620426366 Migdal Haemek_0_0
6332 16780 69991.59897115827 69998.99845706113 Lod_0_0
2549 7346 70012.49369229363 70019.8931781965 Alexandria_0_1
2500 7297 70020.06033582194 70027.4598217248 Alexandria_0_0
9522 27173 70987.0487755835 70994.44826148637 Polokwane_1_1
9429 27081 70994.55299198563 71001.9524778885 Polokwane_0_1
9476 27128 71002.06877598805 71009.46826189091 Polokwane_1_0
9383 27035 71009.57249753029 71016.97198343315 Polokwane_0_0
9805 27662 71017.65974855876 71025.05923446162 Spartan_0_1
9714 27572 71025.19246921958 71032.59195512244 Roodepoort_1_1
9305 25429 71032.66706551077 71040.06655141363 Bedfordview_0_1
9621 27480 71040.26847932451 71047.66796522737 Roodepoort_0_1
9759 27617 71047.94207715848 71055.34156306135 Spartan_0_0
9667 27526 71055.47417138734 71062.8736572902 Roodepoort_1_0
9259 25384 71062.94838789983 71070.34787380269 Bedfordview_0_0
9574 27433 71070.5487959085 71077.94828181136 Roodepoort_0_0
9854 27808 71078.69177010874 71086.0912560116 Welkom_0_0
825 1324 71099.00700441547 71106.40649031833 Linz_1_0
758 1257 71106.75150950222 71114.15099540509 Linz_0_0
692 1191 71117.89790021139 71125.29738611425 Graz_1_0
11132 31316 75479.40886938572 75486.80835528858 Gothenburg_1_1
10953 31137 75487.1789570554 75494.57844295826 Gothenburg_0_1
11042 31226 75495.14713970585 75502.54662560871 Gothenburg_1_0
10864 31048 75502.91955234646 75510.31903824932 Gothenburg_0_0
2443 7240 75514.64682301879 75522.04630892165 Hvidovre_1_0
2359 7156 75522.44325050103 75529.8427364039 Hvidovre_0_0
12097 33643 75554.86863866694 75562.2681245698 Aberdeen_0_0
8707 23455 75607.15836425975 75614.55785016262 Warsaw_0_1
8630 23378 75614.7012876922 75622.10077359506 Warsaw_0_0
12542 34386 75666.23993488355 75673.6394207864 Birmingham_1_0
12468 34312 75673.80487003998 75681.20435594284 Birmingham_0_0
4041 10136 75702.16447503408 75709.56396093694 Frankfurt_0_0
4919 12272 75712.24604657074 75719.6455324736 Stuttgart_0_1
4851 12204 75719.83219571444 75727.2316816173 Stuttgart_0_0
4329 10424 75730.20565344341 75737.60513934627 Freiburg_0_0
6569 17684 75744.10283601022 75751.50232191308 Milan_0_1
10540 30418 75827.37078648806 75834.77027239092 Valencia_0_0
10418 29973 75872.35494294763 75879.75442885049 Linares_1_0
4550 10797 75931.73486053669 75939.13434643955 Hannover_1_0
4477 10724 75939.23981619404 75946.6393020969 Hannover_0_1
4404 10651 75946.69649722568 75954.09598312854 Hannover_0_0
3588 9544 75954.5894174553 75961.98890335816 Bremen_1_0
3511 9467 75962.10998360912 75969.50946951198 Bremen_0_1
3434 9390 75969.57465026475 75976.97413616761 Bremen_0_0
10135 29112 75977.99454542651 75985.39403132937 Coslada_0_1
10080 29059 75985.4542949377 75992.85378084057 Coslada_0_0
8072 21833 78778.20514002442 78785.60462592728 Hamilton_0_0
8128 21889 78785.77641672596 78793.17590262882 Hamilton_0_1
8016 21720 78794.15557616949 78801.55506207235 Auckland_0_0
6765 18402 80163.85053905845 80171.25002496131 Narita_0_0
6976 18715 80173.1177034378 80180.51718934067 Tokyo_1_0
6872 18611 80180.59749745492 80187.99698335778 Tokyo_0_0
6818 18455 80188.36114731843 80195.76063322129 Narita_0_1
7028 18767 80196.00096216172 80203.40044806458 Tokyo_1_1
6924 18663 80203.4815007905 80210.88098669336 Tokyo_0_1
11133 31317 81393.2526075244 81400.65209342726 Gothenburg_1_1
10954 31138 81400.71228871151 81408.11177461437 Gothenburg_0_1
11043 31227 81408.25721530821 81415.65670121108 Gothenburg_1_0
10865 31049 81415.71611266251 81423.11559856537 Gothenburg_0_0
2444 7241 81454.18637603521 81461.58586193807 Hvidovre_1_0
2360 7157 81461.6340027749 81469.03348867776 Hvidovre_0_0
12098 33644 81479.82344543892 81487.22293134178 Aberdeen_0_0
3666 9622 81500.7042953074 81508.10378121026 Bremen_1_1
4624 10871 81528.27462255955 81535.67410846241 Hannover_1_1
3967 9920 81536.09188568311 81543.49137158597 Dortmund_1_1
3816 9772 81543.549099446 81550.94858534886 Dortmund_0_1
3891 9844 81551.06703535421 81558.46652125707 Dortmund_1_0
3741 9697 81558.52354748246 81565.92303338532 Dortmund_0_0
4260 10355 81593.03080752492 81600.43029342778 Frankfurt_1_1
4115 10210 81600.47602759452 81607.87551349738 Frankfurt_0_1
4187 10282 81607.96990670377 81615.36939260663 Frankfurt_1_0
4042 10137 81615.41454062337 81622.81402652623 Frankfurt_0_0
5196 12546 81623.46328033342 81630.86276623629 Troisdorf-Spich_1_0
4701 11372 81631.01822788868 81638.41771379154 Koeln_0_0
5124 12474 81638.51705591785 81645.91654182071 Troisdorf-Spich_0_0
7952 21214 81646.77096808325 81654.17045398611 Eindhoven_0_0
10482 30148 81665.00563722849 81672.40512313135 Santander_0_0
10776 30654 81680.60633128881 81688.00581719168 Vitoria-Gasteiz_0_1
10715 30593 81688.07212677291 81695.47161267577 Vitoria-Gasteiz_0_0
10655 30533 81700.92974354458 81708.32922944744 Vigo_0_1
10597 30475 81708.44087740737 81715.84036331023 Vigo_0_0
8946 24424 81733.60081857443 81741.00030447729 Vila Franca Xira_1_1
8834 24312 81741.19824108976 81748.59772699262 Vila Franca Xira_0_1
1140 2949 82848.23158329725 82855.63106920011 Rio De Janeiro_1_0
1092 2901 82855.81543163382 82863.21491753668 Rio De Janeiro_0_0
945 2613 82935.491584301 82942.89107020386 Campinas_0_1
897 2565 82942.92727839679 82950.32676429965 Campinas_0_0
1043 2803 82995.09739235044 83002.4968782533 Paranagua_0_0
992 2660 83027.7829156518 83035.18240155466 Curitiba_0_0
356 656 84726.61576089263 84734.01524679549 Derrimut_1_0
254 554 84734.47370652785 84741.8731924307 Derrimut_0_0
407 707 84742.44489293451 84749.84437883737 Derrimut_1_1
305 605 84750.30582529459 84757.70531119745 Derrimut_0_1
512 1011 84781.68036811976 84789.07985402262 Sydney_0_0
564 1063 84789.23212748008 84796.63161338294 Sydney_0_1
147 353 84831.92013892118 84839.31962482404 Adelaide_1_0
43 249 84839.54872992664 84846.9482158295 Adelaide_0_0
199 405 84847.2143371032 84854.61382300606 Adelaide_1_1
95 301 84854.84434075393 84862.24382665679 Adelaide_0_1
11200 32188 85899.05922460556 85906.45871050842 Kaohsiung_0_0
11480 32558 85906.55255425598 85913.95204015884 Tainan_1_0
11434 32512 85914.04222303443 85921.44170893729 Tainan_0_0
11705 32783 85922.58476849034 85929.9842543932 Teiyuan_0_0
11615 32693 85929.9842543932 85937.38374029606 Taoyuan_0_0
11525 32603 85937.59005706261 85944.98954296547 Taipei_0_0
11245 32233 85945.14419727807 85952.54368318093 Linkou_0_0
11750 32828 85952.5521816709 85959.95166757375 Teiyuan_0_1
11660 32738 85959.95166757375 85967.35115347661 Taoyuan_0_1
11570 32648 85967.55912183138 85974.95860773424 Taipei_0_1
11290 32278 85975.11444366194 85982.5139295648 Linkou_0_1
11385 32373 85983.1111638712 85990.51064977406 Nankan_1_0
11337 32325 85990.61156081862 85998.01104672148 Nankan_0_0
1844 5247 86000.44451154755 86007.84399745041 Ningbo_1_0
1745 5148 86007.99799020126 86015.39747610412 Ningbo_0_0
1893 5296 86015.61259327756 86023.01207918042 Ningbo_1_1
1795 5198 86023.16727372394 86030.5667596268 Ningbo_0_1
2160 5563 86030.95197411477 86038.35146001763 Shanghai_0_0
2210 5613 86038.41610103662 86045.81558693948 Shanghai_0_1
6977 18716 86093.93497120478 86101.33445710764 Tokyo_1_0
6873 18612 86101.58692235357 86108.98640825643 Tokyo_0_0
6766 18403 86109.86294861921 86117.26243452207 Narita_0_0
7029 18768 86117.84509838682 86125.24458428969 Tokyo_1_1
6925 18664 86125.495449854 86132.89493575686 Tokyo_0_1
6819 18456 86133.76590294247 86141.16538884533 Narita_0_1
9957 28242 86175.95764063431 86183.35712653717 Seoul_1_0
9908 28195 86183.80869051258 86191.20817641544 Seoul_0_0
