127 153 1880.4225070476532 1887.8219929505074 Hamburg_0_1
107 131 1890.965688979624 1898.3651748824782 Dortmund_0_0
113 137 1898.6202701766977 1906.0197560795518 Dortmund_1_1
83 105 1928.6211292556868 1936.020615158541 Nantes_1_0
157 185 1957.7319177964064 1965.1314036992605 Troisdorf-Spich_0_0
154 182 1967.4799265088448 1974.879412411699 Stuttgart_1_0
35 45 1980.4676092156299 1987.867095118484 Vienna_0_1
135 161 1992.64961068405 2000.0490965869042 Kassel_1_1
121 147 2001.1741858202886 2008.5736717231428 Frankfurt_1_0
109 133 2009.9246926533972 2017.3241785562514 Dortmund_0_1
123 149 2018.708930058124 2026.1084159609782 Frankfurt_1_1
117 143 2026.3399717800548 2033.739457682909 Frankfurt_0_0
119 145 2033.7745640566739 2041.174049959528 Frankfurt_0_1
152 180 2041.458858580119 2048.8583444829733 Stuttgart_0_0
161 190 2078.0945299229547 2085.4940158258087 Dublin_0_0
85 107 2110.3751126920793 2117.774598594933 Nice_0_0
31 41 2127.473832160437 2134.8733180632908 Graz_1_0
34 44 2135.312939014097 2142.712424916951 Vienna_0_0
82 103 2172.83585985318 2180.235345756034 Nantes_0_0
132 158 2205.380528099903 2212.780014002757 Kassel_0_0
43 59 2219.3570969398647 2226.7565828427187 SCHOTEN_1_1
162 193 2249.835275803966 2257.23476170682 Dublin_1_0
380 498 2289.6164487424553 2297.0159346453092 Gothenburg_1_1
390 514 2315.7160375759063 2323.11552347876 Aberdeen_0_0
377 495 2341.705137872758 2349.104623775612 Gothenburg_0_0
402 530 2379.466762819127 2386.866248721981 Belfast_0_0
409 542 2392.3678052033893 2399.767291106243 Glasgow_0_0
410 545 2400.1582462886663 2407.5577321915202 Glasgow_1_0
209 249 4559.245636045933 4566.645121948787 Auckland_0_0
213 255 4574.324653983116 4581.7241398859705 Hamilton_0_0
216 258 4581.803548219865 4589.203034122719 Hamilton_0_1
217 260 4606.107858717442 4613.507344620296 Napier_0_0
218 262 4613.782929942653 4621.182415845507 Napier_1_0
219 265 4630.357984721661 4637.757470624515 Wellington_0_0
210 252 4664.819341272116 4672.21882717497 Christchurch_0_0
238 292 7604.168885201216 7611.56837110407 Alverca do Ribatejo_1_0
326 413 7613.040464433513 7620.4399503363675 Cadiz_0_0
327 416 7620.5264028977845 7627.925888800639 Cadiz_1_0
237 289 7629.592828391652 7636.992314294506 Alverca do Ribatejo_0_1
240 298 7637.096064646966 7644.49555054982 Lisboa_0_0
255 319 7644.756492961379 7652.1559788642335 Vila Franca Xira_1_1
257 325 7655.035208910704 7662.434694813558 Vila Nova de Famalicao_0_1
256 322 7662.441922552155 7669.8414084550095 Vila Nova de Famalicao_0_0
371 488 7669.935791493258 7677.335277396112 Vigo_0_1
368 485 7677.342447927745 7684.741933830599 Vigo_0_0
249 313 7685.081115536134 7692.480601438989 Vila Franca Xira_0_1
243 307 7692.85773127279 7700.257217175645 Porto_0_1
246 310 7700.645136800386 7708.044622703241 Vila Franca Xira_0_0
344 445 7708.6440810844115 7716.043566987266 La Coruna_0_0
323 405 7717.60280858539 7725.002294488245 Barajas_0_0
339 434 7726.454364072554 7733.853849975409 Ferrol_0_1
347 454 7733.858800159825 7741.258286062679 La Coruna_1_1
345 448 7741.355126724164 7748.754612627018 La Coruna_0_1
361 474 7749.878283550185 7757.27776945304 Sevilla_0_1
363 480 7757.358820605574 7764.758306508428 Sevilla_1_1
346 451 7765.8711599680855 7773.27064587094 La Coruna_1_0
338 431 7773.275716014693 7780.675201917547 Ferrol_0_0
252 316 7781.258577161138 7788.658063063993 Vila Franca Xira_1_0
362 477 7790.345208974666 7797.7446948775205 Sevilla_1_0
324 408 7798.09902952055 7805.498515423405 Barajas_0_1
359 468 7808.720000863075 7816.11948676593 Santander_0_0
360 471 7817.037117524362 7824.436603427216 Sevilla_0_0
242 304 7825.780571230204 7833.180057133059 Porto_0_0
165 197 7838.826816678047 7846.226302580902 Shannon_0_0
168 200 7846.2266242004935 7853.626110103348 Shannon_0_1
391 515 8042.32187461853 8049.721360521385 Aberdeen_0_0
27 37 10442.523870766163 10449.923356669016 Sydney_0_0
29 39 10450.007299843544 10457.406785746398 Sydney_0_1
7 7 10506.383065074682 10513.782550977536 Adelaide_1_1
24 32 10534.290554968908 10541.690040871761 Melbourne_1_0
18 20 10542.313623871156 10549.71310977401 Derrimut_1_0
15 17 10550.450583908354 10557.850069811208 Derrimut_0_1
12 14 10558.021152200683 10565.420638103536 Derrimut_0_0
5 5 10584.622399019441 10592.021884922295 Adelaide_1_0
25 35 10612.245434077438 10619.644919980292 Melbourne_1_1
21 23 10620.270098199968 10627.669584102821 Derrimut_1_1
1 1 10647.566713266393 10654.966199169246 Adelaide_0_0
3 3 10655.08044969545 10662.479935598303 Adelaide_0_1
53 71 12555.56578490138 12562.965270804234 Rio De Janeiro_0_0
54 72 12563.156864550334 12570.556350453187 Rio De Janeiro_1_0
56 74 12598.642921209335 12606.042407112189 Santos_0_1
60 78 12612.015650182962 12619.415136085816 Sao Paulo_0_1
58 76 12619.709342095648 12627.108827998502 Santos_1_1
48 66 12629.276684135199 12636.676170038052 Campinas_0_0
51 69 12636.999720757934 12644.399206660788 Guarulhos_0_1
50 68 12644.41227850958 12651.811764412434 Guarulhos_0_0
52 70 12653.018768413143 12660.418254315997 Paranagua_0_0
55 73 12661.702811774712 12669.102297677566 Santos_0_0
57 75 12669.214109953702 12676.613595856556 Santos_1_0
49 67 12677.101561905585 12684.501047808439 Campinas_0_1
62 80 13736.23810377717 13743.637589680024 Cambridge_1_0
61 79 13743.734090380716 13751.13357628357 Cambridge_0_0
59 77 12684.695995861746 12692.0954817646 Sao Paulo_0_0
