1135 2944 728.7181833088398 736.1176692116939 Rio De Janeiro_1_0
1087 2896 736.3660648326501 743.7655507355041 Rio De Janeiro_0_0
940 2608 752.1076315617754 759.5071174646295 Campinas_0_1
892 2560 759.6017723593379 767.001258262192 Campinas_0_0
1038 2798 769.739217021868 777.138702924722 Paranagua_0_0
987 2655 779.7272789392381 787.1267648420921 Curitiba_0_0
12781 36247 912.879691362381 920.279177265235 Montevideo_1_1
12673 36139 920.8387983037082 928.2382842065623 Montevideo_0_1
12727 36193 928.9695337581376 936.3690196609916 Montevideo_1_0
12619 36085 936.9290671398107 944.3285530426648 Montevideo_0_0
351 651 2695.325468301773 2702.724954204627 Derrimut_1_0
249 549 2702.833653315039 2710.233139217893 Derrimut_0_0
402 702 2710.400220941054 2717.799706843908 Derrimut_1_1
300 600 2717.907441073997 2725.3069269768507 Derrimut_0_1
142 348 2729.7912681015714 2737.1907540044253 Adelaide_1_0
38 244 2737.4146961675747 2744.8141820704286 Adelaide_0_0
194 400 2745.130083280438 2752.529569183292 Adelaide_1_1
90 296 2752.7518496608586 2760.1513355637126 Adelaide_0_1
455 955 2876.206728667021 2883.6062145698747 Perth_0_0
8507 22571 3538.999212384224 3546.398698287078 Manila_1_0
8425 22489 3546.9967104995453 3554.3961964023993 Manila_0_0
8548 22612 3555.115004148361 3562.514490051215 Manila_1_1
8466 22530 3563.1095795016154 3570.5090654044693 Manila_0_1
11381 32369 3725.040538161993 3732.440024064847 Nankan_1_0
11333 32321 3732.9058073855754 3740.3052932884293 Nankan_0_0
1840 5243 3790.3130808770657 3797.7125667799196 Ningbo_1_0
1741 5144 3798.0300616277054 3805.4295475305594 Ningbo_0_0
1889 5292 3805.803277841771 3813.202763744625 Ningbo_1_1
1791 5194 3813.518210225617 3820.917696128471 Ningbo_0_1
2156 5559 3821.1962624861562 3828.59574838901 Shanghai_0_0
2206 5609 3828.651050134248 3836.050536037102 Shanghai_0_1
1512 4777 3879.2186581839596 3886.6181440868136 Chongqing_1_0
1463 4728 3886.8654130591635 3894.2648989620175 Chongqing_0_0
2050 5453 3937.468845501145 3944.868331403999 Qingdao_1_0
1942 5345 3945.1655628173185 3952.5650487201724 Qingdao_0_0
2104 5507 3952.915700806958 3960.3151867098118 Qingdao_1_1
1996 5399 3960.6104442504484 3968.0099301533023 Qingdao_0_1
9953 28238 3975.8352911657585 3983.2347770686124 Seoul_1_0
9904 28191 3983.3438486515156 3990.7433345543695 Seoul_0_0
1413 4629 4005.3811411274096 4012.7806270302635 Beijing_0_0
1200 3450 5746.63942322135 5754.038909124204 Brampton_0_0
16018 44140 5760.117403018107 5767.516888920962 Medford_0_0
15042 41529 5768.6337479427 5776.033233845555 Hebron_1_1
14939 41426 5776.205838933247 5783.605324836101 Hebron_0_1
14990 41477 5783.800811555392 5791.2002974582465 Hebron_1_0
14887 41374 5791.373906546764 5798.773392449619 Hebron_0_0
17399 49416 5799.51200320019 5806.911489103044 Watertown_0_0
15698 43014 5808.46799986337 5815.8674857662245 Lansdale_1_1
15596 42912 5815.988529517752 5823.388015420606 Lansdale_0_1
15647 42963 5823.519792599335 5830.91927850219 Lansdale_1_0
15545 42861 5831.040902144574 5838.440388047428 Lansdale_0_0
13767 39237 5839.634547435489 5847.034033338344 Dulles_1_0
456 956 8718.558631151915 8725.958117054768 Perth_0_0
5248 12748 9663.298261225224 9670.697747128077 Ahmedabad_0_0
5296 12796 9670.838593794399 9678.238079697252 Ahmedabad_0_1
1513 4778 9866.032523185015 9873.432009087868 Chongqing_1_0
1464 4729 9873.5031717979 9880.902657700753 Chongqing_0_0
5665 13423 9938.196821551315 9945.596307454169 Chandigarh_1_0
5616 13374 9945.716952125005 9953.116438027859 Chandigarh_0_0
8328 22309 9954.307668531175 9961.707154434029 Lahore_1_0
8226 22207 9961.794747145232 9969.194233048085 Lahore_0_0
8379 22360 9969.32310746491 9976.722593367764 Lahore_1_1
8276 22257 9976.810949015731 9984.210434918585 Lahore_0_1
7198 18986 9991.653479930625 9999.052965833478 Almaty_1_0
7080 18868 9999.27762617169 10006.677112074543 Almaty_0_0
7257 19045 10007.017378848665 10014.416864751518 Almaty_1_1
7139 18927 10014.643241238575 10022.042727141428 Almaty_0_1
16019 44141 11508.828213751316 11516.22769965417 Medford_0_0
15381 42307 11565.13127984047 11572.530765743324 Ironton_1_0
15316 42242 11572.747679203754 11580.147165106608 Ironton_0_0
15043 41530 11628.739738408054 11636.139224310908 Hebron_1_1
14940 41427 11636.267404562737 11643.66689046559 Hebron_0_1
14991 41478 11643.867798007272 11651.267283910125 Hebron_1_0
14888 41375 11651.394310813354 11658.793796716207 Hebron_0_0
1201 3451 11670.393403286045 11677.792889188899 Brampton_0_0
17400 49417 11688.801795119793 11696.201281022646 Watertown_0_0
15699 43015 11697.489012399223 11704.888498302076 Lansdale_1_1
13406 38389 11718.56424779402 11725.963733696874 Columbus_1_0
13356 38339 11726.431773285767 11733.83125918862 Columbus_0_0
12992 37161 11743.86662638467 11751.266112287523 Carmel_0_1
12944 37113 11751.439081847388 11758.838567750241 Carmel_0_0
14021 39807 11767.21965834298 11774.619144245833 Edwardsville_0_1
14639 41080 11776.520391710505 11783.919877613358 Greenville_0_1
14588 41029 11784.08636607557 11791.485851978423 Greenville_0_0
7596 20365 11863.869632333517 11871.26911823637 Monterrey_1_0
7450 19765 11951.271768420935 11958.671254323788 Aguascalientes_1_0
7406 19722 11958.819866231786 11966.21935213464 Aguascalientes_0_0
7780 20549 11971.307070416235 11978.706556319088 Pachuca_1_1
7689 20458 11978.99740669325 11986.396892596103 Pachuca_0_1
7734 20503 11986.739990631002 11994.139476533855 Pachuca_1_0
7643 20412 11994.432164091815 12001.831649994669 Pachuca_0_0
6062 15520 15374.88752245903 15382.287008361884 Salem_1_0
5974 15432 15382.511176130149 15389.910662033002 Salem_0_0
6106 15564 15390.17486472326 15397.574350626113 Salem_1_1
6018 15476 15397.797172725659 15405.196658628513 Salem_0_1
5926 15210 15416.923325270414 15424.322811173268 Panjim_0_0
5666 13424 15699.71199786663 15707.111483769484 Chandigarh_1_0
5617 13375 15707.260376411732 15714.659862314586 Chandigarh_0_0
8329 22310 15716.985631065521 15724.385116968375 Lahore_1_0
8227 22208 15724.59675809934 15731.996244002194 Lahore_0_0
8380 22361 15732.239289362064 15739.638775264917 Lahore_1_1
8277 22258 15739.849178354172 15747.248664257026 Lahore_0_1
7199 18987 15920.028296977282 15927.427782880135 Almaty_1_0
7081 18869 15927.530068080294 15934.929553983147 Almaty_0_0
7258 19046 15935.037828330187 15942.43731423304 Almaty_1_1
7140 18928 15942.539155036193 15949.938640939046 Almaty_0_1
1341 3591 17303.743942141533 17311.143428044386 Calgary_1_0
1269 3519 17311.44240639689 17318.841892299744 Calgary_0_0
15382 42308 17361.92575026951 17369.325236172364 Ironton_1_0
15317 42243 17369.43823713848 17376.837723041335 Ironton_0_0
16389 45541 17554.898968994617 17562.29845489747 Moberly_1_1
16339 45491 17562.338121870678 17569.73760777353 Moberly_1_0
16239 45391 17569.798485044103 17577.197970946956 Moberly_0_0
13192 37559 17624.188823951667 17631.58830985452 Carson_0_1
7501 20090 17702.629477083683 17710.028962986536 Matamoros_0_0
6327 16775 21643.802321851254 21651.201807754107 Lod_0_0
2495 7292 21687.354550629854 21694.754036532708 Alexandria_0_0
2544 7341 21694.824085853434 21702.223571756287 Alexandria_0_1
6381 17024 21712.996227743253 21720.395713646107 Migdal Haemek_0_0
6431 17074 21720.537458193576 21727.93694409643 Migdal Haemek_0_1
11797 32994 21768.139616459608 21775.53910236246 Ankara_0_0
11955 33152 21811.98691686988 21819.386402772732 Istanbul_1_0
11850 33047 21819.63416841814 21827.033654320992 Istanbul_0_0
12007 33204 21827.397639941446 21834.7971258443 Istanbul_1_1
11902 33099 21835.04669619598 21842.446182098833 Istanbul_0_1
9002 24590 21883.485652565956 21890.88513846881 Otopeni_0_0
9064 24652 21890.99407863178 21898.393564534632 Otopeni_0_1
686 1185 22050.911953270435 22058.31143917329 Graz_1_0
621 1120 22058.375834689825 22065.77532059268 Graz_0_0
9201 25190 22067.154555899582 22074.554041802436 Senec_1_0
9134 25123 22074.640455310524 22082.039941213377 Senec_0_0
819 1318 22083.301226593645 22090.7007124965 Linz_1_0
752 1251 22090.762251614935 22098.16173751779 Linz_0_0
8623 23371 22104.36245715301 22111.761943055863 Warsaw_0_0
4035 10130 22217.320530205965 22224.72001610882 Frankfurt_0_0
4180 10275 22224.758608942422 22232.158094845276 Frankfurt_1_0
4108 10203 22232.16281432462 22239.562300227473 Frankfurt_0_1
4253 10348 22239.601415199093 22247.000901101947 Frankfurt_1_1
3350 9306 22249.366142896637 22256.76562879949 Berlin_1_0
3276 9232 22256.840347785066 22264.23983368792 Berlin_0_0
3580 9536 22265.637431306866 22273.03691720972 Bremen_1_0
2434 7231 22275.657917779026 22283.05740368188 Hvidovre_1_0
11033 31217 22284.068464887514 22291.467950790367 Gothenburg_1_0
11123 31307 22291.58124068896 22298.980726591813 Gothenburg_1_1
1342 3592 23208.967316657305 23216.36680256016 Calgary_1_0
1270 3520 23216.45542848173 23223.854914384585 Calgary_0_0
5189 12539 23245.660389266977 23253.05987516983 Troisdorf-Spich_1_0
12091 33637 23263.91850483877 23271.317990741623 Aberdeen_0_0
9849 27803 26571.03949558735 26578.438981490202 Welkom_0_0
7835 21025 26600.87840335841 26608.277889261262 Maputo_0_0
7881 21071 26608.41066248041 26615.810148383265 Maputo_0_1
9255 25380 26631.643347188143 26639.042833090996 Bedfordview_0_0
9663 27522 26639.404480608337 26646.80396651119 Roodepoort_1_0
9755 27613 26647.559017816584 26654.958503719437 Spartan_0_0
9570 27429 26656.355394042963 26663.754879945816 Roodepoort_0_0
9472 27124 26672.663255846965 26680.062741749818 Polokwane_1_0
9518 27169 26680.219290788613 26687.618776691466 Polokwane_1_1
7307 19137 26806.885235607624 26814.284721510478 Lilongwe_0_0
7349 19179 26814.34933926313 26821.748825165985 Lilongwe_0_1
2496 7293 27604.430462896824 27611.829948799677 Alexandria_0_0
2545 7342 27611.839498336023 27619.238984238877 Alexandria_0_1
11956 33153 27765.70591300726 27773.105398910113 Istanbul_1_0
11851 33048 27773.194220642585 27780.593706545438 Istanbul_0_0
12008 33205 27780.68663152067 27788.086117423525 Istanbul_1_1
11903 33100 27788.174583761163 27795.574069664017 Istanbul_0_1
10414 29969 27853.07320973194 27860.472695634795 Linares_1_0
10361 29916 27860.54630484404 27867.945790746893 Linares_0_0
10535 30413 27870.243230411892 27877.642716314745 Valencia_0_0
9003 24591 27931.230917258305 27938.630403161158 Otopeni_0_0
9065 24653 27938.64009183671 27946.039577739564 Otopeni_0_1
10241 29218 27996.338733108765 28003.73821901162 El Prat De Llobregat_1_0
10185 29162 28003.925447104844 28011.324933007698 El Prat De Llobregat_0_0
3001 8686 28021.86662377885 28029.266109681703 Nice_0_0
3064 8749 28029.432117926295 28036.83160382915 Nice_0_1
6499 17614 28043.46724287801 28050.866728780864 Milan_0_0
6564 17679 28051.052182563642 28058.451668466496 Milan_0_1
4323 10418 28059.383084546702 28066.782570449555 Freiburg_0_0
4846 12199 28071.260465769483 28078.659951672336 Stuttgart_0_0
4914 12267 28078.849916160667 28086.24940206352 Stuttgart_0_1
4767 11438 28087.558263779018 28094.95774968187 Mannheim_0_0
4181 10276 28096.71113455949 28104.110620462343 Frankfurt_1_0
5118 12468 28107.775742804526 28115.17522870738 Troisdorf-Spich_0_0
8011 21715 30634.209616154432 30641.609102057286 Auckland_0_0
8123 21884 30643.193165877805 30650.59265178066 Hamilton_0_1
8067 21828 30650.73018336468 30658.129669267535 Hamilton_0_0
5190 12540 30670.653901326787 30678.05338722964 Troisdorf-Spich_1_0
12092 33638 30682.66772462838 30690.067210531233 Aberdeen_0_0
10415 29970 33575.44203156233 33582.84151746518 Linares_1_0
10362 29917 33583.132507867536 33590.53199377039 Linares_0_0
10536 30414 33614.52424991131 33621.92373581416 Valencia_0_0
8885 24363 33638.869090680426 33646.26857658328 Vila Franca Xira_1_0
8773 24251 33646.78378532347 33654.18327122632 Vila Franca Xira_0_0
8941 24419 33654.833472003476 33662.23295790633 Vila Franca Xira_1_1
8829 24307 33662.74530893512 33670.14479483797 Vila Franca Xira_0_1
10075 29054 33683.48907218563 33690.88855808848 Coslada_0_0
10307 29862 33691.36937226144 33698.768858164294 Las Rozas_0_0
10006 28289 33699.78669536405 33707.1861812669 Alovera_0_0
10130 29107 33707.675249462576 33715.07473536543 Coslada_0_1
10242 29219 33721.46330253969 33728.862788442544 El Prat De Llobregat_1_0
10186 29163 33728.98080140885 33736.3802873117 El Prat De Llobregat_0_0
10709 30587 33740.84082612571 33748.24031202856 Vitoria-Gasteiz_0_0
10592 30470 33760.305828662546 33767.7053145654 Vigo_0_0
10770 30648 33779.80517783642 33787.20466373927 Vitoria-Gasteiz_0_1
10650 30528 33799.18543901611 33806.58492491896 Vigo_0_1
10476 30142 33817.1331577993 33824.53264370215 Santander_0_0
12463 34307 33828.11028889912 33835.509774801976 Birmingham_0_0
8012 21716 36675.657081365585 36683.05656726844 Auckland_0_0
558 1057 36731.883645706235 36739.28313160909 Sydney_0_1
506 1005 36739.40410756922 36746.803593472076 Sydney_0_0
8178 22159 36748.46312733954 36755.862613242396 Karachi_0_0
403 703 36800.06777607633 36807.46726197918 Derrimut_1_1
6813 18450 41313.612753391266 41321.01223929412 Narita_0_1
7023 18762 41321.5668340737 41328.96631997656 Tokyo_1_1
6760 18397 41329.560195558595 41336.95968146145 Narita_0_0
6919 18658 41337.77914378074 41345.17862968359 Tokyo_0_1
6971 18710 41345.440079579836 41352.83956548269 Tokyo_1_0
6867 18606 41353.066552785385 41360.46603868824 Tokyo_0_0
195 401 42417.99101820588 42425.390504108735 Adelaide_1_1
91 297 42425.74661364582 42433.14609954867 Adelaide_0_1
143 349 42433.57099100543 42440.97047690828 Adelaide_1_0
39 245 42441.324136208896 42448.72362211175 Adelaide_0_0
301 601 42502.84395837784 42510.24344428069 Derrimut_0_1
352 652 42510.387171459566 42517.78665736242 Derrimut_1_0
250 550 42517.91746036184 42525.31694626469 Derrimut_0_0
12728 36194 44328.58471542597 44335.98420132882 Montevideo_1_0
12620 36086 44336.1195468384 44343.51903274126 Montevideo_0_0
12782 36248 44343.66933130646 44351.068817209314 Montevideo_1_1
12674 36140 44351.204834696044 44358.6043205989 Montevideo_0_1
1039 2799 44407.502324551344 44414.9018104542 Paranagua_0_0
988 2656 44417.34285746084 44424.742343363694 Curitiba_0_0
1136 2945 44449.64358657002 44457.04307247287 Rio De Janeiro_1_0
1088 2897 44457.56779646022 44464.967282363075 Rio De Janeiro_0_0
893 2561 44479.35613147159 44486.755617374445 Campinas_0_0
941 2609 44486.9083682155 44494.30785411836 Campinas_0_1
1202 3452 45695.11543363333 45702.51491953618 Brampton_0_0
6814 18451 47243.10674753785 47250.506233440705 Narita_0_1
6761 18398 47250.550497831566 47257.94998373442 Narita_0_0
7024 18763 47258.17196233935 47265.571448242204 Tokyo_1_1
6920 18659 47265.65935316901 47273.05883907186 Tokyo_0_1
6972 18711 47273.19256495639 47280.592050859246 Tokyo_1_0
6868 18607 47280.67915171696 47288.078637619816 Tokyo_0_0
1414 4630 47339.34776686132 47346.74725276417 Beijing_0_0
9954 28239 47377.3828642265 47384.78235012935 Seoul_1_0
9905 28192 47385.30923596035 47392.7087218632 Seoul_0_0
2105 5508 47412.91471371914 47420.31419962199 Qingdao_1_1
1997 5400 47420.77808784616 47428.17757374902 Qingdao_0_1
2051 5454 47428.749460528765 47436.14894643162 Qingdao_1_0
1943 5346 47436.61592353493 47444.01540943779 Qingdao_0_0
2207 5610 47451.173141526655 47458.57262742951 Shanghai_0_1
2157 5560 47458.71870661161 47466.11819251446 Shanghai_0_0
11382 32370 47466.76098292359 47474.16046882644 Nankan_1_0
11334 32322 47474.78777438534 47482.18726028819 Nankan_0_0
11567 32645 47489.40843822923 47496.80792413208 Taipei_0_1
11287 32275 47497.73614479939 47505.13563070224 Linkou_0_1
11657 32735 47505.17816701094 47512.577652913795 Taoyuan_0_1
11477 32555 47514.411761976095 47521.81124787895 Tainan_1_0
11431 32509 47522.49008078196 47529.88956668481 Tainan_0_0
11197 32185 47530.649490623546 47538.0489765264 Kaohsiung_0_0
8549 22613 47549.141748398004 47556.54123430086 Manila_1_1
8467 22531 47557.19632635249 47564.59581225534 Manila_0_1
8508 22572 47565.399446221694 47572.79893212455 Manila_1_0
8426 22490 47573.4521373356 47580.85162323845 Manila_0_0
16020 44142 47616.766984002876 47624.16646990573 Medford_0_0
12729 36195 50180.32132282853 50187.720808731385 Montevideo_1_0
12621 36087 50187.86754904906 50195.26703495191 Montevideo_0_0
12783 36249 50195.48080544025 50202.88029134311 Montevideo_1_1
12675 36141 50203.025833756255 50210.42531965911 Montevideo_0_1
17096 48660 51203.966211885214 51211.36569778807 Tampa_1_0
16999 48563 51212.007125690085 51219.40661159294 Tampa_0_0
17145 48709 51220.20678762241 51227.60627352526 Tampa_1_1
17047 48611 51228.246629772235 51235.64611567509 Tampa_0_1
13868 39460 51267.69952711463 51275.09901301748 Edison_0_0
13917 39509 51275.263992789616 51282.66347869247 Edison_0_1
14589 41030 51288.82756525217 51296.22705115502 Greenville_0_0
14536 40977 51359.797589600086 51367.19707550294 Grapevine_1_1
14432 40873 51367.45159347006 51374.851079372915 Grapevine_0_1
15953 43503 51408.97910995336 51416.378595856215 Little Hocking_1_0
15904 43454 51416.829946218015 51424.22943212087 Little Hocking_0_0
13407 38390 51426.952573042014 51434.35205894487 Columbus_1_0
13357 38340 51434.8453805128 51442.244866415655 Columbus_0_0
15383 42309 51531.201544344425 51538.60103024728 Ironton_1_0
15318 42244 51538.929824016064 51546.32930991892 Ironton_0_0
1343 3593 51826.20422291756 51833.60370882041 Calgary_1_0
1271 3521 51833.64888075345 51841.0483666563 Calgary_0_0
5191 12541 51900.49031947458 51907.88980537743 Troisdorf-Spich_1_0
3505 9461 51908.4433286539 51915.84281455675 Bremen_0_1
1415 4631 53084.29963836074 53091.69912426359 Beijing_0_0
1515 4780 53236.79847359657 53244.197959499426 Chongqing_1_0
1466 4731 53244.42740026641 53251.82688616926 Chongqing_0_0
5297 12797 53369.68431079388 53377.08379669673 Ahmedabad_0_1
5249 12749 53377.11802130033 53384.517507203185 Ahmedabad_0_0
12093 33639 53389.04566439031 53396.44515029316 Aberdeen_0_0
7735 20504 57011.15457302332 57018.55405892617 Pachuca_1_0
7644 20413 57018.879584433984 57026.27907033684 Pachuca_0_0
7781 20550 57026.662529587855 57034.06201549071 Pachuca_1_1
7690 20459 57034.38550050443 57041.784986407285 Pachuca_0_1
7452 19767 57049.65380112528 57057.05328702813 Aguascalientes_1_0
7408 19724 57057.58414859191 57064.98363449476 Aguascalientes_0_0
7598 20367 57098.470143944025 57105.86962984688 Monterrey_1_0
7552 20321 57106.21224662854 57113.61173253139 Monterrey_0_0
7502 20091 57128.692028746125 57136.09151464898 Matamoros_0_0
16118 44240 57305.86826995015 57313.267755853005 Melville_1_0
16068 44190 57313.34335712634 57320.74284302919 Melville_0_0
14485 40926 57350.12351441383 57357.52300031669 Grapevine_1_0
14380 40821 57357.599024997384 57364.99851090024 Grapevine_0_0
14537 40978 57365.07875855887 57372.47824446172 Grapevine_1_1
14433 40874 57372.553961021666 57379.95344692452 Grapevine_0_1
16663 46346 57421.31977601837 57428.71926192122 Phoenix_0_0
16716 46399 57428.872154930505 57436.27164083336 Phoenix_0_1
17648 49769 57448.40249103533 57455.801976938186 Wilmington_0_0
15494 42810 57455.992012387585 57463.39149829044 Lakewood_0_0
13143 37510 57463.559325451344 57470.9588113542 Carson_0_0
13193 37560 57471.04188304938 57478.44136895223 Carson_0_1
13567 39037 57518.20084393037 57525.60032983322 Denver_1_0
13617 39087 57525.68245045485 57533.0819363577 Denver_1_1
16889 47687 57552.621367406675 57560.02085330953 Salt Lake City_1_0
16789 47587 57560.549519703774 57567.94900560663 Salt Lake City_0_0
16839 47637 57568.12544117341 57575.524927076265 Salt Lake City_0_1
1344 3594 57580.63530965271 57588.03479555556 Calgary_1_0
1272 3522 57588.47673725779 57595.876223160645 Calgary_0_0
7259 19047 58927.0074698329 58934.40695573575 Almaty_1_1
7141 18929 58934.93293918532 58942.33242508817 Almaty_0_1
7200 18988 58943.03427872278 58950.43376462563 Almaty_1_0
7082 18870 58950.96136636313 58958.360852265985 Almaty_0_0
8381 22362 59126.32502064109 59133.72450654394 Lahore_1_1
8278 22259 59134.34476971456 59141.744255617414 Lahore_0_1
8330 22311 59142.53281865391 59149.932304556765 Lahore_1_0
8228 22209 59150.55294317074 59157.95242907359 Lahore_0_0
5667 13425 59167.75292329407 59175.152409196926 Chandigarh_1_0
5618 13376 59175.65883538392 59183.05832128677 Chandigarh_0_0
5866 14408 59277.61819651723 59285.01768242008 Kanpur_1_0
5476 13062 59289.46081269782 59296.86029860067 Baroda_1_1
5820 14362 59300.69532870255 59308.09481460541 Kanpur_0_0
5388 12974 59312.59531231566 59319.99479821851 Baroda_0_1
5432 13018 59320.8214779666 59328.220963869455 Baroda_1_0
5344 12930 59328.88586675037 59336.28535265322 Baroda_0_0
5771 14127 59340.3574808646 59347.756966767454 Indore_1_0
5726 14082 59348.38298447356 59355.78247037641 Indore_0_0
6063 15521 59482.94731259346 59490.34679849631 Salem_1_0
5975 15433 59490.545956345835 59497.94544224869 Salem_0_0
17649 49770 63238.12546926737 63245.52495517022 Wilmington_0_0
13144 37511 63245.52740863358 63252.92689453643 Carson_0_0
15495 42811 63252.998507974364 63260.39799387722 Lakewood_0_0
13194 37561 63260.46234949746 63267.86183540031 Carson_0_1
404 704 63294.78542561903 63302.18491152189 Derrimut_1_1
11798 32995 65133.71632400155 65141.115809904404 Ankara_0_0
6432 17075 65162.74240535498 65170.14189125783 Migdal Haemek_0_1
6382 17025 65170.15199165149 65177.55147755434 Migdal Haemek_0_0
6328 16776 65191.901288837194 65199.30077474005 Lod_0_0
7350 19180 65842.94699218869 65850.34647809155 Lilongwe_0_1
7308 19138 65850.4492131975 65857.84869910036 Lilongwe_0_0
9519 27170 66018.62526774406 66026.02475364693 Polokwane_1_1
9426 27078 66026.32077223071 66033.72025813357 Polokwane_0_1
9473 27125 66034.10856557082 66041.50805147368 Polokwane_1_0
9380 27032 66041.80609478605 66049.20558068891 Polokwane_0_0
7882 21072 66057.93680738144 66065.3362932843 Maputo_0_1
7836 21026 66065.47941616178 66072.87890206464 Maputo_0_0
9802 27659 66082.7400794418 66090.13956534467 Spartan_0_1
9302 25426 66090.24175467904 66097.6412405819 Bedfordview_0_1
9711 27569 66097.80233605295 66105.20182195581 Roodepoort_1_1
9618 27477 66105.45171164215 66112.85119754501 Roodepoort_0_1
9756 27614 66113.45055840824 66120.8500443111 Spartan_0_0
9256 25381 66120.95289799297 66128.35238389584 Bedfordview_0_0
9664 27523 66128.51464917907 66135.91413508193 Roodepoort_1_0
9571 27430 66136.16581773009 66143.56530363295 Roodepoort_0_0
9850 27804 66144.27798713744 66151.6774730403 Welkom_0_0
10946 31130 70649.4701037705 70656.86958967336 Gothenburg_0_1
11125 31309 70656.93940298964 70664.3388888925 Gothenburg_1_1
10857 31041 70664.41396566104 70671.8134515639 Gothenburg_0_0
11035 31219 70671.88353522554 70679.2830211284 Gothenburg_1_0
2352 7149 70684.99069851637 70692.39018441923 Hvidovre_0_0
2436 7233 70692.46756074326 70699.86704664612 Hvidovre_1_0
3659 9615 70782.2134616673 70789.61294757016 Bremen_1_1
3428 9384 70789.67438073501 70797.07386663787 Bremen_0_0
3582 9538 70797.12937846786 70804.52886437072 Bremen_1_0
8702 23450 70813.00423744398 70820.40372334684 Warsaw_0_1
8625 23373 70820.44662540198 70827.84611130484 Warsaw_0_0
4472 10719 70836.1116903685 70843.51117627136 Hannover_0_1
4618 10865 70843.57315831595 70850.97264421881 Hannover_1_1
3352 9308 70852.66102082077 70860.06050672363 Berlin_1_0
3278 9234 70860.15287842562 70867.55236432848 Berlin_0_0
4399 10646 70869.21510902021 70876.61459492307 Hannover_0_0
4545 10792 70876.67676226015 70884.07624816301 Hannover_1_0
3810 9766 70884.91029538766 70892.30978129052 Dortmund_0_1
3961 9914 70892.3585673838 70899.75805328666 Dortmund_1_1
3735 9691 70899.81300490473 70907.2124908076 Dortmund_0_0
3886 9839 70907.26137850745 70914.66086441031 Dortmund_1_0
4255 10350 70915.01456863359 70922.41405453645 Frankfurt_1_1
4182 10277 70922.41841679536 70929.81790269823 Frankfurt_1_0
4915 12268 70929.9100789702 70937.30956487307 Stuttgart_0_1
9203 25192 70942.67382387641 70950.07330977927 Senec_1_0
9136 25125 70950.24142173414 70957.640907637 Senec_0_0
821 1320 70960.11724313952 70967.51672904239 Linz_1_0
754 1253 70967.63190320396 70975.03138910682 Linz_0_0
688 1187 70976.10976406964 70983.5092499725 Graz_1_0
623 1122 70983.64700415693 70991.04649005979 Graz_0_0
9066 24654 71010.53187508597 71017.93136098883 Otopeni_0_1
6433 17076 71049.93887221282 71057.33835811568 Migdal Haemek_0_1
6329 16777 71057.53168037889 71064.93116628175 Lod_0_0
2546 7343 71072.41908315108 71079.81856905394 Alexandria_0_1
2497 7294 71079.94073220354 71087.3402181064 Alexandria_0_0
9851 27805 72099.15022242069 72106.54970832355 Welkom_0_0
3506 9462 72131.41472135166 72138.81420725452 Bremen_0_1
5192 12542 72139.67997430416 72147.07946020702 Troisdorf-Spich_1_0
5120 12470 72147.51847292141 72154.91795882427 Troisdorf-Spich_0_0
8068 21829 74057.06208691001 74064.46157281287 Hamilton_0_0
8124 21885 74064.46219890335 74071.86168480621 Hamilton_0_1
11126 31310 76457.97164952755 76465.37113543041 Gothenburg_1_1
10947 31131 76465.71921522018 76473.11870112304 Gothenburg_0_1
11036 31220 76473.69545324409 76481.09493914695 Gothenburg_1_0
10858 31042 76481.44317082711 76488.84265672998 Gothenburg_0_0
2437 7234 76494.49832710624 76501.8978130091 Hvidovre_1_0
2353 7150 76502.23175219978 76509.63123810264 Hvidovre_0_0
8703 23451 76550.0453287065 76557.44481460936 Warsaw_0_1
8626 23374 76557.5519862858 76564.95147218867 Warsaw_0_0
3353 9309 76573.92256881387 76581.32205471673 Berlin_1_0
3279 9235 76581.60772330422 76589.00720920708 Berlin_0_0
3660 9616 76599.19630383396 76606.59578973682 Bremen_1_1
12538 34382 76630.01632234128 76637.41580824414 Birmingham_1_0
12464 34308 76637.67415429217 76645.07364019503 Birmingham_0_0
6566 17681 76677.96713265021 76685.36661855307 Milan_0_1
3066 8751 76703.0578943491 76710.45738025196 Nice_0_1
3003 8688 76710.6303406304 76718.02982653327 Nice_0_0
10363 29918 76832.48235720396 76839.88184310682 Linares_0_0
3507 9463 76884.90682346247 76892.30630936533 Bremen_0_1
12094 33640 76899.68173910587 76907.08122500873 Aberdeen_0_0
8069 21830 79763.84901127219 79771.24849717505 Hamilton_0_0
8125 21886 79771.38277832851 79778.78226423137 Hamilton_0_1
8013 21717 79779.50265333056 79786.90213923343 Auckland_0_0
507 1006 80023.20753386617 80030.60701976903 Sydney_0_0
559 1058 80030.610615877 80038.01010177986 Sydney_0_1
6762 18399 81078.61651566625 81086.0160015691 Narita_0_0
6973 18712 81086.43245300067 81093.83193890353 Tokyo_1_0
6869 18608 81093.97476494947 81101.37425085233 Tokyo_0_0
6815 18452 81102.00413940512 81109.40362530798 Narita_0_1
7025 18764 81109.82362207893 81117.22310798179 Tokyo_1_1
6921 18660 81117.36711737646 81124.76660327932 Tokyo_0_1
11127 31311 82394.91620153189 82402.31568743475 Gothenburg_1_1
10948 31132 82402.35785169508 82409.75733759794 Gothenburg_0_1
11037 31221 82409.86779175884 82417.2672776617 Gothenburg_1_0
10859 31043 82417.30883673462 82424.70832263748 Gothenburg_0_0
2438 7235 82481.30906194448 82488.70854784735 Hvidovre_1_0
2354 7151 82488.74162964415 82496.14111554701 Hvidovre_0_0
3661 9617 82530.8914232552 82538.29090915807 Bremen_1_1
3584 9540 82538.68824148178 82546.08772738464 Bremen_1_0
3430 9386 82546.12502855976 82553.52451446262 Bremen_0_0
3963 9916 82578.6991673708 82586.09865327366 Dortmund_1_1
3737 9693 82586.10703218561 82593.50651808847 Dortmund_0_0
3812 9768 82593.55283561652 82600.95232151938 Dortmund_0_1
7948 21210 82601.37542840972 82608.77491431258 Eindhoven_0_0
12539 34383 82612.30047650822 82619.69996241108 Birmingham_1_0
10772 30650 82709.12386518717 82716.52335109003 Vitoria-Gasteiz_0_1
10478 30144 82717.12304992149 82724.52253582435 Santander_0_0
10132 29109 82770.46938547492 82777.86887137778 Coslada_0_1
10652 30530 82781.31247624214 82788.711962145 Vigo_0_1
10594 30472 82788.78766780597 82796.18715370883 Vigo_0_0
8943 24421 82797.38456502595 82804.7840509288 Vila Franca Xira_1_1
8831 24309 82804.89615415946 82812.29564006232 Vila Franca Xira_0_1
8887 24365 82812.4683414687 82819.86782737156 Vila Franca Xira_1_0
8775 24253 82819.97892103664 82827.3784069395 Vila Franca Xira_0_0
1137 2946 83785.26888892055 83792.6683748234 Rio De Janeiro_1_0
1089 2898 83793.03524316664 83800.4347290695 Rio De Janeiro_0_0
942 2610 83832.73358136415 83840.13306726702 Campinas_0_1
894 2562 83840.1950331803 83847.59451908316 Campinas_0_0
1040 2800 83886.67196309566 83894.07144899853 Paranagua_0_0
989 2657 83899.35517275333 83906.7546586562 Curitiba_0_0
12784 36250 84114.88098752499 84122.28047342785 Montevideo_1_1
12676 36142 84122.36585818425 84129.7653440871 Montevideo_0_1
12730 36196 84129.89687281204 84137.2963587149 Montevideo_1_0
12622 36088 84137.3825337761 84144.78201967895 Montevideo_0_0
353 653 85700.26644134521 85707.66592724808 Derrimut_1_0
251 551 85708.22002936914 85715.619515272 Derrimut_0_0
302 602 85715.78865901829 85723.18814492115 Derrimut_0_1
508 1007 85765.77649351954 85773.1759794224 Sydney_0_0
560 1059 85773.27899744354 85780.6784833464 Sydney_0_1
144 350 85817.03663427872 85824.43612018158 Adelaide_1_0
40 246 85824.84363393557 85832.24311983843 Adelaide_0_0
196 402 85832.73965762988 85840.13914353274 Adelaide_1_1
92 298 85840.5494169831 85847.94890288597 Adelaide_0_1
