1244 3494 0.0 7.399485902854087 Calgary_0_0
1316 3566 7.47105079664448 14.870536699498567 Calgary_1_0
1180 3430 71.89532495572533 79.29481085857941 Brampton_0_0
13390 38373 79.66453617875494 87.06402208160902 Columbus_1_0
13340 38323 87.16139604924288 94.56088195209696 Columbus_0_0
14301 40086 100.11766532490807 107.51715122776216 Elk Grove Village_0_1
14722 41162 107.70489115740848 115.10437706026256 Hanover Park_0_1
13074 37243 118.62251326837242 126.0219991712265 Carmel_1_1
15425 42537 129.0381105692301 136.43759647208418 Joliet_0_0
17328 49252 136.81619555416543 144.2156814570195 Vandalia_1_1
17280 49204 144.31315663394562 151.7126425367997 Vandalia_1_0
17184 49108 151.9256489426799 159.325134845534 Vandalia_0_0
14818 41305 160.73278857643962 168.1322744792937 Hazelwood_1_0
14770 41257 168.38461696364766 175.78410286650174 Hazelwood_0_0
14465 40906 175.93004780398905 183.32953370684314 Grapevine_1_0
7581 20350 249.2035489976406 256.6030349004947 Monterrey_1_0
7535 20304 257.2217643359152 264.62125023876933 Monterrey_0_0
7436 19752 315.28708228468895 322.68656818754306 Aguascalientes_1_0
7391 19707 323.36856994115107 330.7680558440052 Aguascalientes_0_0
7765 20534 345.11889732993905 352.51838323279316 Pachuca_1_1
7674 20443 352.96099430749564 360.36048021034975 Pachuca_0_1
7719 20488 360.9179114818585 368.3173973847126 Pachuca_1_0
7628 20397 368.7574751849566 376.1569610878107 Pachuca_0_0
8162 22143 4090.017203360796 4097.41668926365 Karachi_0_0
6364 17007 4392.031671077013 4399.431156979867 Migdal Haemek_0_0
6414 17057 4399.46605928813 4406.865545190984 Migdal Haemek_0_1
11779 32976 4474.80417355895 4482.203659461805 Ankara_0_0
8597 23345 4734.350344240665 4741.74983014352 Warsaw_0_0
8674 23422 4741.802016208952 4749.201502111807 Warsaw_0_1
11004 31188 4868.914065539837 4876.313551442691 Gothenburg_1_0
10826 31010 4876.344309255044 4883.743795157899 Gothenburg_0_0
11094 31278 4883.8313291955 4891.2308150983545 Gothenburg_1_1
10915 31099 4891.26205875838 4898.661544661234 Gothenburg_0_1
1317 3567 5736.627504318953 5744.026990221807 Calgary_1_0
1245 3495 5744.376492653726 5751.77597855658 Calgary_0_0
13600 39070 5999.890229135752 6007.289715038606 Denver_1_1
13500 38970 6007.357635338729 6014.757121241583 Denver_0_1
13550 39020 6014.868137545259 6022.267623448113 Denver_1_0
13450 38920 6022.334853687857 6029.734339590711 Denver_0_0
16922 47720 6034.786608465294 6042.186094368149 Salt Lake City_1_1
16823 47621 6042.365554235853 6049.765040138707 Salt Lake City_0_1
16873 47671 6050.0346431513035 6057.434129054158 Salt Lake City_1_0
16773 47571 6057.612103571738 6065.011589474592 Salt Lake City_0_0
16698 46381 6068.62674549222 6076.026231395074 Phoenix_0_1
16645 46328 6076.084213992597 6083.4836998954515 Phoenix_0_0
14203 39989 6128.84871584177 6136.248201744625 Elgin_1_1
13175 37542 6146.083130630635 6153.48261653349 Carson_0_1
15476 42792 6153.841602486514 6161.241088389368 Lakewood_0_0
13125 37492 6161.480823758071 6168.880309660925 Carson_0_0
17631 49752 6168.908218970439 6176.307704873293 Wilmington_0_0
6311 16759 6215.241694142329 6222.641180045183 Lod_0_0
11988 33185 6231.438310491353 6238.8377963942075 Istanbul_1_1
9833 27787 9260.727328658104 9268.126814560957 Welkom_0_0
7820 21010 9273.65274497416 9281.052230877014 Maputo_0_0
7866 21056 9281.090749100053 9288.490235002906 Maputo_0_1
9240 25365 9293.087289707137 9300.48677560999 Bedfordview_0_0
9648 27507 9300.553371081955 9307.952856984808 Roodepoort_1_0
9555 27414 9308.065837505132 9315.465323407985 Roodepoort_0_0
9740 27598 9315.710795280605 9323.110281183459 Spartan_0_0
9286 25410 9323.162709189168 9330.562195092021 Bedfordview_0_1
9695 27553 9330.629097795909 9338.028583698762 Roodepoort_1_1
9602 27461 9338.142100672108 9345.541586574962 Roodepoort_0_1
9786 27643 9345.788254230938 9353.187740133792 Spartan_0_1
9456 27108 9354.566599841446 9361.9660857443 Polokwane_1_0
9364 27017 9362.121994165129 9369.521480067982 Polokwane_0_0
9503 27155 9369.699606163378 9377.099092066232 Polokwane_1_1
9410 27062 9377.255829625796 9384.65531552865 Polokwane_0_1
7293 19123 9394.643311944594 9402.042797847447 Lilongwe_0_0
7335 19165 9402.131476222376 9409.530962125229 Lilongwe_0_1
2479 7276 10067.255198448896 10074.65468435175 Alexandria_0_0
2528 7325 10074.79908416785 10082.198570070703 Alexandria_0_1
6365 17008 10099.634790927172 10107.034276830025 Migdal Haemek_0_0
6415 17058 10107.084056223348 10114.483542126201 Migdal Haemek_0_1
11780 32977 10209.508650392294 10216.908136295147 Ankara_0_0
11936 33133 10224.861589860728 10232.261075763581 Istanbul_1_0
11831 33028 10232.719916529244 10240.119402432098 Istanbul_0_0
11883 33080 10240.23929830864 10247.638784211493 Istanbul_0_1
8982 24570 10282.592993170023 10289.992479072876 Otopeni_0_0
9044 24632 10290.147245942067 10297.546731844921 Otopeni_0_1
2980 8665 10437.669950932264 10445.069436835118 Nice_0_0
3043 8728 10445.125557114656 10452.52504301751 Nice_0_1
665 1164 10462.14578643678 10469.545272339634 Graz_1_0
599 1098 10469.807535091664 10477.207020994518 Graz_0_0
6608 17723 10484.729595251902 10492.129081154755 Milan_1_0
6478 17593 10492.24232303818 10499.641808941033 Milan_0_0
6673 17788 10499.831855955194 10507.231341858047 Milan_1_1
6543 17658 10507.34566288754 10514.745148790393 Milan_0_1
9179 25168 10527.211181422002 10534.610667324856 Senec_1_0
9112 25101 10534.948951034688 10542.348436937542 Senec_0_0
797 1296 10547.361109233747 10554.7605951366 Linz_1_0
730 1229 10555.002244333175 10562.401730236028 Linz_0_0
4300 10395 10569.050215780568 10576.449701683421 Freiburg_0_0
4959 12312 10577.978612596658 10585.378098499512 Stuttgart_1_0
4824 12177 10585.514597138112 10592.914083040965 Stuttgart_0_0
4892 12245 10593.011312337183 10600.410798240036 Stuttgart_0_1
4743 11414 10600.660355592094 10608.059841494947 Mannheim_0_0
4157 10252 10608.747202610362 10616.146688513216 Frankfurt_1_0
3933 9886 10616.156502770174 10623.555988673028 Dortmund_1_1
4519 10766 10626.176568113631 10633.576054016485 Hannover_1_0
4373 10620 10633.752731010934 10641.152216913788 Hannover_0_0
3555 9511 10641.384133206511 10648.783619109365 Bremen_1_0
3401 9357 10648.949653013111 10656.349138915964 Bremen_0_0
2407 7204 10663.78755221814 10671.187038120994 Hvidovre_1_0
2323 7120 10671.454628582858 10678.854114485712 Hvidovre_0_0
11005 31189 10680.80454948014 10688.204035382994 Gothenburg_1_0
10827 31011 10688.477141397192 10695.876627300046 Gothenburg_0_0
11095 31279 10696.362290165425 10703.761776068279 Gothenburg_1_1
10916 31100 10704.036097126631 10711.435583029484 Gothenburg_0_1
8104 21865 13405.824239194393 13413.223725097247 Hamilton_0_1
8048 21809 13413.262472711796 13420.66195861465 Hamilton_0_0
9834 27788 15039.160550236702 15046.560036139555 Welkom_0_0
7821 21011 15173.688692361116 15181.08817826397 Maputo_0_0
7867 21057 15181.119029997792 15188.518515900645 Maputo_0_1
9241 25366 15191.386482329206 15198.78596823206 Bedfordview_0_0
9741 27599 15198.880733499314 15206.280219402168 Spartan_0_0
9649 27508 15206.454732128383 15213.854218031236 Roodepoort_1_0
9556 27415 15214.003036236883 15221.402522139737 Roodepoort_0_0
9287 25411 15221.684739416041 15229.084225318895 Bedfordview_0_1
9787 27644 15229.178220016951 15236.577705919804 Spartan_0_1
9696 27554 15236.750855661337 15244.150341564191 Roodepoort_1_1
9504 27156 15245.945605203915 15253.345091106768 Polokwane_1_1
9411 27063 15253.448735533233 15260.848221436087 Polokwane_0_1
10396 29951 16139.243641674519 16146.643127577372 Linares_1_0
10343 29898 16147.020214396416 16154.41970029927 Linares_0_0
10516 30394 16164.645746379256 16172.04523228211 Valencia_0_0
10221 29198 16182.397594855576 16189.79708075843 El Prat De Llobregat_1_0
10165 29142 16190.320470965038 16197.719956867892 El Prat De Llobregat_0_0
8866 24344 16225.668350704267 16233.06783660712 Vila Franca Xira_1_0
8754 24232 16233.255946541312 16240.655432444166 Vila Franca Xira_0_0
2981 8666 16283.304163373496 16290.70364927635 Nice_0_0
3044 8729 16290.76512764722 16298.164613550074 Nice_0_1
6544 17659 16301.560034546186 16308.95952044904 Milan_0_1
2914 8400 16315.945550746099 16323.345036648952 Lyon_1_0
4301 10396 16329.119943038631 16336.519428941485 Freiburg_0_0
4893 12246 16338.393294274436 16345.79278017729 Stuttgart_0_1
4744 11415 16346.521419872333 16353.920905775187 Mannheim_0_0
4158 10253 16354.489468295056 16361.88895419791 Frankfurt_1_0
5167 12517 16363.616701511633 16371.016187414487 Troisdorf-Spich_1_0
5097 12450 16371.234667872315 16378.634153775169 Troisdorf-Spich_0_0
4673 11347 16378.830042827256 16386.22952873011 Koeln_0_0
3934 9887 16387.266651117425 16394.66613702028 Dortmund_1_1
12065 33611 16417.089389920235 16424.488875823088 Aberdeen_0_0
7993 21697 19056.84294873476 19064.242434637614 Auckland_0_0
8105 21866 19069.46047577262 19076.859961675473 Hamilton_0_1
8049 21810 19076.933094146745 19084.3325800496 Hamilton_0_0
8867 24345 22108.215348422527 22115.61483432538 Vila Franca Xira_1_0
8755 24233 22115.726794867765 22123.12628077062 Vila Franca Xira_0_0
8923 24401 22123.247215244814 22130.646701147667 Vila Franca Xira_1_1
8811 24289 22130.75815476077 22138.157640663623 Vila Franca Xira_0_1
10573 30451 22166.052928626537 22173.45241452939 Vigo_0_0
10631 30509 22173.458501758094 22180.857987660947 Vigo_0_1
6158 16169 22340.80751913786 22348.207005040713 Shannon_0_0
6234 16245 22348.20810760045 22355.607593503304 Shannon_0_1
541 1040 24937.62972024083 24945.029206143685 Sydney_0_1
489 988 24945.10657402666 24952.506059929514 Sydney_0_0
177 383 24999.81916218996 25007.218648092814 Adelaide_1_1
73 279 25007.533291210326 25014.93277711318 Adelaide_0_1
125 331 25015.36868116579 25022.768167068643 Adelaide_1_0
21 227 25023.08487680021 25030.484362703064 Adelaide_0_0
384 684 25051.022070613668 25058.42155651652 Derrimut_1_1
282 582 25058.98931738993 25066.388803292783 Derrimut_0_1
333 633 25067.12252007669 25074.522005979543 Derrimut_1_0
231 531 25075.088091335638 25082.48757723849 Derrimut_0_0
1022 2782 27124.735886245966 27132.13537214882 Paranagua_0_0
971 2639 27167.31490930915 27174.714395212002 Curitiba_0_0
1119 2928 27179.69412124528 27187.093607148134 Rio De Janeiro_1_0
1071 2880 27187.298473666 27194.697959568854 Rio De Janeiro_0_0
876 2544 27198.167552542724 27205.567038445577 Campinas_0_0
924 2592 27205.58012169971 27212.979607602563 Campinas_0_1
6795 18432 29725.35714456439 29732.756630467244 Narita_0_1
6742 18379 29732.918672943204 29740.318158846057 Narita_0_0
7006 18745 29741.605493526877 29749.00497942973 Tokyo_1_1
6902 18641 29749.520407222655 29756.91989312551 Tokyo_0_1
6954 18693 29757.600580019403 29765.000065922257 Tokyo_1_0
6850 18589 29765.514146380567 29772.91363228342 Tokyo_0_0
9937 28223 29807.041695069827 29814.44118097268 Seoul_1_0
9888 28176 29814.62926776802 29822.028753670875 Seoul_0_0
2190 5593 29952.804670512676 29960.20415641553 Shanghai_0_1
2140 5543 29960.212978124895 29967.61246402775 Shanghai_0_0
1873 5276 29967.829145565196 29975.22863146805 Ningbo_1_1
1775 5178 29975.333459365156 29982.73294526801 Ningbo_0_1
1824 5227 29982.848387033373 29990.247872936226 Ningbo_1_0
1725 5128 29990.3531811118 29997.752667014654 Ningbo_0_0
11365 32353 30068.1510232687 30075.550509171553 Nankan_1_0
11317 32305 30075.64097329612 30083.04045919897 Nankan_0_0
11552 32630 30084.110931071897 30091.51041697475 Taipei_0_1
11272 32260 30091.669507203558 30099.06899310641 Linkou_0_1
11732 32810 30099.084668836702 30106.484154739555 Teiyuan_0_1
11642 32720 30106.484154739555 30113.88364064241 Taoyuan_0_1
11507 32585 30114.072994038845 30121.472479941698 Taipei_0_0
11227 32215 30121.632367533653 30129.031853436507 Linkou_0_0
11597 32675 30129.047547360176 30136.44703326303 Taoyuan_0_0
11461 32539 30136.916630068194 30144.316115971047 Tainan_1_0
11182 32170 30144.325262675764 30151.724748578617 Kaohsiung_0_0
8534 22598 30194.59036618471 30201.989852087565 Manila_1_1
8452 22516 30202.142894210665 30209.54238011352 Manila_0_1
8493 22557 30209.72106096686 30217.12054686971 Manila_1_0
8411 22475 30217.274454166552 30224.673940069406 Manila_0_0
439 939 30877.902783483267 30885.30226938612 Perth_0_0
11989 33186 30892.005821592924 30899.405307495777 Istanbul_1_1
6312 16760 30915.576021914752 30922.975507817606 Lod_0_0
12709 36175 32707.063186109066 32714.46267201192 Montevideo_1_0
12601 36067 32715.039178884974 32722.438664787827 Montevideo_0_0
12763 36229 32723.17326033383 32730.572746236685 Montevideo_1_1
12655 36121 32731.151159627574 32738.550645530428 Montevideo_0_1
1023 2783 32872.46368929744 32879.86317520029 Paranagua_0_0
972 2640 32880.849982660686 32888.24946856354 Curitiba_0_0
1120 2929 33007.66955700517 33015.06904290802 Rio De Janeiro_1_0
1072 2881 33015.14825649928 33022.54774240213 Rio De Janeiro_0_0
877 2545 33025.09539834199 33032.49488424484 Campinas_0_0
925 2593 33032.545420896284 33039.94490679914 Campinas_0_1
17078 48642 33867.774796277285 33875.17428218014 Tampa_1_0
16982 48546 33875.29660746844 33882.69609337129 Tampa_0_0
17127 48691 33882.867091273976 33890.26657717683 Tampa_1_1
17029 48593 33890.3898728969 33897.78935879975 Tampa_0_1
13851 39443 33948.06376871467 33955.46325461752 Edison_0_0
13900 39492 33955.50938088018 33962.90886678304 Edison_0_1
14571 41012 33997.155945807695 34004.55543171055 Greenville_0_0
14622 41063 34004.593445406324 34011.99293130918 Greenville_0_1
17429 49446 34016.99892668499 34024.39841258784 West Columbia_0_0
17481 49498 34024.47964524848 34031.879131151334 West Columbia_0_1
15834 43384 34034.78439691564 34042.18388281849 Lawrenceville_0_0
13283 37921 34043.954351372486 34051.35383727534 Chelsea_1_0
13232 37870 34051.44034269173 34058.83982859458 Chelsea_0_0
13954 39740 34059.566741991104 34066.96622789396 Edwardsville_0_0
14005 39791 34067.015106301784 34074.41459220464 Edwardsville_0_1
13751 39221 34088.647078959235 34096.04656486209 Dulles_1_0
13650 39120 34096.452125006545 34103.8516109094 Dulles_0_0
12826 36748 34106.09015918105 34113.4896450839 Baltimore_0_0
13801 39271 34115.16874489366 34122.56823079651 Dulles_1_1
13700 39170 34122.97563267421 34130.37511857707 Dulles_0_1
12875 36797 34132.62334799314 34140.02283389599 Baltimore_0_1
17381 49400 34152.8501774132 34160.249663316055 Watertown_0_0
9938 28224 35658.38550212979 35665.78498803265 Seoul_1_0
9889 28177 35665.89304725541 35673.29253315827 Seoul_0_0
1397 4613 35691.670320773075 35699.06980667593 Beijing_0_0
2087 5490 35711.37021975937 35718.76970566222 Qingdao_1_1
1979 5382 35719.03180292688 35726.431288829735 Qingdao_0_1
2033 5436 35726.79799497518 35734.197480878036 Qingdao_1_0
1925 5328 35734.45768564615 35741.857171549 Qingdao_0_0
2191 5594 35747.86947661638 35755.268962519236 Shanghai_0_1
2141 5544 35755.339418163996 35762.73890406685 Shanghai_0_0
1874 5277 35776.67666423321 35784.07615013606 Ningbo_1_1
1776 5179 35784.24045014784 35791.63993605069 Ningbo_0_1
1825 5228 35791.86721428344 35799.266700186294 Ningbo_1_0
1726 5129 35799.4297179633 35806.82920386615 Ningbo_0_0
11366 32354 35843.17495459318 35850.574440496035 Nankan_1_0
11318 32306 35850.75169342763 35858.15117933048 Nankan_0_0
2247 6117 35863.63423207402 35871.033717976876 Xiamen_0_0
11462 32540 35908.988236784935 35916.38772268779 Tainan_1_0
1679 5082 35927.99591361963 35935.39539952248 Guangzhou_1_1
1591 4994 35935.865654002526 35943.26513990538 Guangzhou_0_1
1635 5038 35943.861554181276 35951.26104008413 Guangzhou_1_0
1547 4950 35951.72882147268 35959.12830737553 Guangzhou_0_0
14302 40087 35997.91011837326 36005.30960427611 Elk Grove Village_0_1
14723 41163 36005.491687671005 36012.89117357386 Hanover Park_0_1
7720 20489 39585.43462884426 39592.834114747115 Pachuca_1_0
7629 20398 39593.18077599933 39600.580261902185 Pachuca_0_0
7766 20535 39601.0231135993 39608.422599502155 Pachuca_1_1
7675 20444 39608.771465446494 39616.17095134935 Pachuca_0_1
7437 19753 39651.30155026913 39658.70103617198 Aguascalientes_1_0
7392 19708 39658.90466735015 39666.304153253004 Aguascalientes_0_0
17079 48643 39718.77255880568 39726.17204470853 Tampa_1_0
16983 48547 39726.311379209015 39733.71086511187 Tampa_0_0
17128 48692 39733.86749409706 39741.26697999991 Tampa_1_1
17030 48594 39741.40560927289 39748.80509517575 Tampa_0_1
7582 20351 39795.930100266865 39803.32958616972 Monterrey_1_0
7536 20305 39803.65991213533 39811.05939803818 Monterrey_0_0
7487 20076 39817.65350927896 39825.05299518182 Matamoros_0_0
13955 39741 39876.84148519049 39884.24097109334 Edwardsville_0_0
14006 39792 39884.26738282578 39891.66686872864 Edwardsville_0_1
15183 41915 39892.59046698204 39899.98995288489 Huntsville_1_0
15235 41967 39900.02088022442 39907.42036612728 Huntsville_1_1
13391 38374 39919.527464568615 39926.92695047147 Columbus_1_0
13341 38324 39927.03411898207 39934.43360488492 Columbus_0_0
13026 37195 39936.80001436608 39944.19950026894 Carmel_1_0
12929 37098 39944.363691331964 39951.76317723482 Carmel_0_0
17585 49706 39951.81382864857 39959.21331455142 Whitestown_1_0
17537 49658 39959.38245847324 39966.7819443761 Whitestown_0_0
13075 37244 39967.18601973543 39974.585505638286 Carmel_1_1
12977 37146 39974.74879028408 39982.148276186934 Carmel_0_1
16223 45375 39992.43550720835 39999.8349931112 Moberly_0_0
15426 42538 40008.16588581778 40015.56537172064 Joliet_0_0
14675 41116 40015.56833186668 40022.96781776953 Hanover Park_0_0
15361 42287 40030.6629296204 40038.06241552325 Ironton_1_0
15295 42221 40038.40471237502 40045.804198277874 Ironton_0_0
1318 3568 40119.759039491415 40127.15852539427 Calgary_1_0
1246 3496 40127.31882125692 40134.718307159776 Calgary_0_0
7238 19026 41542.76025694609 41550.15974284894 Almaty_1_1
7120 18908 41550.30120253814 41557.70068844099 Almaty_0_1
7179 18967 41557.85715462265 41565.256640525506 Almaty_1_0
7061 18849 41565.39885363637 41572.79833953922 Almaty_0_0
8362 22343 41762.02979260683 41769.429278509684 Lahore_1_1
8259 22240 41769.569576548216 41776.96906245107 Lahore_0_1
8311 22292 41777.12625835158 41784.52574425443 Lahore_1_0
8209 22190 41784.666757892104 41792.06624379496 Lahore_0_0
5649 13407 41794.9252047087 41802.32469061155 Chandigarh_1_0
5600 13358 41802.537371047954 41809.93685695081 Chandigarh_0_0
5280 12780 41845.54343031303 41852.942916215885 Ahmedabad_0_1
5232 12732 41853.09214159149 41860.491627494346 Ahmedabad_0_0
5461 13047 41924.7858081162 41932.18529401905 Baroda_1_1
5373 12959 41932.32417470691 41939.723660609765 Baroda_0_1
5850 14392 41940.92704526032 41948.32653116318 Kanpur_1_0
5804 14346 41948.4949504997 41955.89443640255 Kanpur_0_0
5755 14111 41956.03629573776 41963.43578164061 Indore_1_0
6091 15549 42017.875675201416 42025.27516110427 Salem_1_1
6003 15461 42025.81708377978 42033.216569682634 Salem_0_1
6047 15505 42033.86897693833 42041.26846284118 Salem_1_0
5959 15417 42041.8134696901 42049.21295559296 Salem_0_0
7393 19709 45649.51513269544 45656.91461859829 Aguascalientes_0_0
7488 20077 45658.46526485997 45665.86475076283 Matamoros_0_0
14156 39942 45677.32309755683 45684.72258345968 Elgin_1_0
14058 39844 45684.93093300167 45692.33041890452 Elgin_0_0
14205 39991 45692.56943454471 45699.968920447565 Elgin_1_1
14107 39893 45700.17605699248 45707.575542895334 Elgin_0_1
16647 46330 45709.358188722304 45716.75767462516 Phoenix_0_0
16700 46383 45716.79897815002 45724.198464052875 Phoenix_0_1
17632 49753 45738.72666404675 45746.1261499496 Wilmington_0_0
15477 42793 45746.596586049985 45753.99607195284 Lakewood_0_0
13126 37493 45754.42930349583 45761.828789398685 Carson_0_0
13176 37543 45761.961441921114 45769.36092782397 Carson_0_1
16874 47672 45823.76026931405 45831.159755216904 Salt Lake City_1_0
16774 47572 45831.34442921763 45838.74391512048 Salt Lake City_0_0
16923 47721 45838.953724240266 45846.35321014312 Salt Lake City_1_1
16824 47622 45846.53680071808 45853.936286620934 Salt Lake City_0_1
1319 3569 45986.23601421714 45993.63550011999 Calgary_1_0
1247 3497 45993.80138355198 46001.200869454835 Calgary_0_0
7239 19027 47392.699134498835 47400.09862040169 Almaty_1_1
7121 18909 47400.25947267793 47407.65895858078 Almaty_0_1
7180 18968 47407.90980718613 47415.30929308898 Almaty_1_0
7062 18850 47415.468752350745 47422.8682382536 Almaty_0_0
8363 22344 47620.441541552544 47627.8410274554 Lahore_1_1
8260 22241 47627.96821776058 47635.36770366343 Lahore_0_1
5650 13408 47677.560403466225 47684.95988936908 Chandigarh_1_0
8312 22293 47686.69092709984 47694.09041300269 Lahore_1_0
5601 13359 47695.73757413803 47703.137060040885 Chandigarh_0_0
8210 22191 47704.91036643036 47712.309852333216 Lahore_0_0
8163 22144 47718.23850091118 47725.637986814036 Karachi_0_0
5851 14393 47826.16870382428 47833.568189727135 Kanpur_1_0
5805 14347 47833.658709765645 47841.0581956685 Kanpur_0_0
5462 13048 47841.670987967074 47849.07047386993 Baroda_1_1
5374 12960 47849.17993817678 47856.57942407963 Baroda_0_1
5418 13004 47856.727170777274 47864.12665668013 Baroda_1_0
5330 12916 47864.23527504121 47871.63476094406 Baroda_0_0
5756 14112 47872.32155214982 47879.721038052674 Indore_1_0
5711 14067 47879.81466310094 47887.21414900379 Indore_0_0
8677 23425 53354.071037620306 53361.47052352316 Warsaw_0_1
8600 23348 53361.47655530108 53368.876041203934 Warsaw_0_0
9045 24633 53401.69943806529 53409.098923968144 Otopeni_0_1
8983 24571 53409.106538864085 53416.50602476694 Otopeni_0_0
11884 33081 53426.270811378956 53433.67029728181 Istanbul_0_1
11937 33134 53433.88331165452 53441.282797557375 Istanbul_1_0
11832 33029 53441.47044553292 53448.86993143577 Istanbul_0_0
11781 32978 53454.99494942872 53462.394435331575 Ankara_0_0
6416 17059 53512.19105821848 53519.59054412133 Migdal Haemek_0_1
6366 17009 53519.73244487551 53527.13193077836 Migdal Haemek_0_0
2529 7326 53572.9837474823 53580.38323338515 Alexandria_0_1
2480 7277 53580.437718791756 53587.83720469461 Alexandria_0_0
7336 19166 54281.5323163867 54288.93180228955 Lilongwe_0_1
7294 19124 54288.98854354149 54296.388029444344 Lilongwe_0_0
9505 27157 54432.6209384501 54440.02042435295 Polokwane_1_1
9412 27064 54440.45461122054 54447.854097123396 Polokwane_0_1
9458 27110 54448.37089778308 54455.77038368594 Polokwane_1_0
9366 27019 54456.201774528796 54463.60126043165 Polokwane_0_0
7868 21058 54478.42938262224 54485.828868525095 Maputo_0_1
7822 21012 54485.86813044554 54493.26761634839 Maputo_0_0
9788 27645 54502.5284833179 54509.92796922076 Spartan_0_1
9697 27555 54510.44523292858 54517.84471883143 Roodepoort_1_1
9288 25412 54518.147364775214 54525.54685067807 Bedfordview_0_1
9604 27463 54526.350007113564 54533.74949301642 Roodepoort_0_1
9742 27600 54534.865674636705 54542.26516053956 Spartan_0_0
9650 27509 54542.77920829852 54550.17869420137 Roodepoort_1_0
9242 25367 54550.47944174047 54557.87892764332 Bedfordview_0_0
9557 27416 54558.67709165589 54566.07657755874 Roodepoort_0_0
9835 27789 54568.403446907214 54575.80293281007 Welkom_0_0
11990 33187 54591.66819234106 54599.06767824391 Istanbul_1_1
11097 31281 59035.69416171312 59043.09364761598 Gothenburg_1_1
10918 31102 59043.311696414 59050.71118231685 Gothenburg_0_1
11007 31191 59050.99056141908 59058.39004732193 Gothenburg_1_0
10829 31013 59058.61006232057 59066.009548223425 Gothenburg_0_0
12066 33612 59157.23523712158 59164.634723024436 Aberdeen_0_0
2409 7206 59176.60985516165 59184.009341064506 Hvidovre_1_0
2325 7122 59184.26668559669 59191.66617149954 Hvidovre_0_0
8678 23426 59213.39571704794 59220.795202950794 Warsaw_0_1
8601 23349 59221.00095715885 59228.400443061706 Warsaw_0_0
3634 9590 59254.3562605724 59261.75574647525 Bremen_1_1
3480 9436 59261.95640233879 59269.35588824164 Bremen_0_1
3935 9888 59270.39597286109 59277.79545876395 Dortmund_1_1
3785 9741 59277.98080893356 59285.38029483641 Dortmund_0_1
3860 9816 59285.59738525036 59292.99687115321 Dortmund_1_0
3710 9666 59293.18352844335 59300.5830143462 Dortmund_0_0
5168 12518 59300.6418785063 59308.04136440915 Troisdorf-Spich_1_0
4231 10326 59310.10005506458 59317.49954096743 Frankfurt_1_1
4159 10254 59317.545488348296 59324.94497425115 Frankfurt_1_0
4745 11416 59325.30154278876 59332.70102869161 Mannheim_0_0
4894 12247 59333.88957985582 59341.289065758676 Stuttgart_0_1
4826 12179 59341.34220219186 59348.74168809471 Stuttgart_0_0
3045 8730 59350.18188862508 59357.58137452793 Nice_0_1
2982 8667 59357.62678204073 59365.026267943584 Nice_0_0
14724 41164 59372.317653819904 59379.71713972276 Hanover Park_0_1
14303 40088 59380.07852754565 59387.478013448504 Elk Grove Village_0_1
8050 21811 62339.06210401654 62346.461589919396 Hamilton_0_0
8106 21867 62346.52595262689 62353.925438529746 Hamilton_0_1
7994 21698 62356.75305703282 62364.15254293568 Auckland_0_0
11098 31282 64912.01534622908 64919.41483213193 Gothenburg_1_1
10919 31103 64919.546830972096 64926.94631687495 Gothenburg_0_1
11008 31192 64927.21779096836 64934.61727687121 Gothenburg_1_0
10830 31014 64934.747917403845 64942.1474033067 Gothenburg_0_0
8679 23427 65093.711345136166 65101.11083103902 Warsaw_0_1
8602 23350 65102.43458363414 65109.83406953699 Warsaw_0_0
2410 7207 65114.72161647058 65122.121102373436 Hvidovre_1_0
2326 7123 65122.23019119625 65129.6296770991 Hvidovre_0_0
12067 33613 65152.239582015 65159.63906791785 Aberdeen_0_0
3329 9285 65184.652835714885 65192.05232161774 Berlin_1_0
3255 9211 65192.13309181498 65199.53257771784 Berlin_0_0
3635 9591 65202.77603923736 65210.175525140214 Bremen_1_1
3481 9437 65210.31219711492 65217.71168301778 Bremen_0_1
3558 9514 65217.96380742475 65225.3632933276 Bremen_1_0
3404 9360 65225.49862423322 65232.89811013608 Bremen_0_0
4595 10842 65234.08704521044 65241.486531113296 Hannover_1_1
4449 10696 65241.60518335283 65249.004669255686 Hannover_0_1
4522 10769 65249.22540653139 65256.62489243424 Hannover_1_0
4376 10623 65256.742336546355 65264.14182244921 Hannover_0_0
3936 9889 65265.34853373223 65272.74801963508 Dortmund_1_1
3786 9742 65272.89233462627 65280.29182052912 Dortmund_0_1
3861 9817 65280.54835813186 65287.947844034716 Dortmund_1_0
5169 12519 65288.120065692565 65295.51955159542 Troisdorf-Spich_1_0
12293 33839 65304.37600442724 65311.775490330096 Aylesford_1_0
2784 8199 65315.859795436496 65323.25928133935 Bordeaux_1_1
2657 8072 65323.526532934884 65330.92601883774 Bordeaux_0_1
2720 8135 65331.32775382115 65338.727239724 Bordeaux_1_0
2594 8009 65338.992611586604 65346.39209748946 Bordeaux_0_0
10457 30123 65351.354803358634 65358.75428926149 Santander_0_0
10751 30629 65361.53884401173 65368.938329914585 Vitoria-Gasteiz_0_1
10632 30510 65384.33420788137 65391.73369378423 Vigo_0_1
10574 30452 65391.91275639175 65399.3122422946 Vigo_0_0
8924 24402 65402.34294172051 65409.742427623365 Vila Franca Xira_1_1
8812 24290 65410.28859089553 65417.68807679838 Vila Franca Xira_0_1
8051 21812 68308.52040871978 68315.91989462264 Hamilton_0_0
8107 21868 68315.96132412202 68323.36081002488 Hamilton_0_1
7995 21699 68325.8578876853 68333.25737358816 Auckland_0_0
334 634 68388.58321837656 68395.98270427942 Derrimut_1_0
232 532 68396.12897702266 68403.52846292552 Derrimut_0_0
385 685 68403.69153024234 68411.0910161452 Derrimut_1_1
283 583 68411.23804882742 68418.63753473028 Derrimut_0_1
490 989 68429.51776979715 68436.91725570001 Sydney_0_0
542 1041 68437.00507014946 68444.40455605232 Sydney_0_1
126 332 68494.38853520155 68501.78802110441 Adelaide_1_0
22 228 68502.47433000803 68509.87381591089 Adelaide_0_0
178 384 68509.94198105406 68517.34146695692 Adelaide_1_1
74 280 68517.40759522827 68524.80708113113 Adelaide_0_1
6955 18694 69450.60240724683 69458.00189314969 Tokyo_1_0
6851 18590 69458.58559962199 69465.98508552485 Tokyo_0_0
6743 18380 69468.1262992441 69475.52578514697 Narita_0_0
7007 18746 69476.91745591066 69484.31694181352 Tokyo_1_1
6903 18642 69484.89959732072 69492.29908322358 Tokyo_0_1
6796 18433 69494.43574795772 69501.83523386058 Narita_0_1
12068 33614 70873.78370931745 70881.1831952203 Aberdeen_0_0
6236 16247 70957.28383734822 70964.68332325108 Shannon_0_1
6160 16171 70964.7533599242 70972.15284582706 Shannon_0_0
1121 2930 72215.94034144282 72223.33982734568 Rio De Janeiro_1_0
1073 2882 72223.6929889707 72231.09247487356 Rio De Janeiro_0_0
926 2594 72242.53601919321 72249.93550509607 Campinas_0_1
878 2546 72250.06885837314 72257.468344276 Campinas_0_0
1024 2784 72260.71202853681 72268.11151443968 Paranagua_0_0
973 2641 72271.177770511 72278.57725641386 Curitiba_0_0
12764 36230 72421.99690011144 72429.3963860143 Montevideo_1_1
12656 36122 72429.85896963037 72437.25845553323 Montevideo_0_1
12710 36176 72437.87800239262 72445.27748829548 Montevideo_1_0
12602 36068 72445.74188692337 72453.14137282623 Montevideo_0_0
335 635 74179.01284429431 74186.41233019717 Derrimut_1_0
233 533 74186.55649630717 74193.95598221003 Derrimut_0_0
386 686 74194.17201475817 74201.57150066103 Derrimut_1_1
284 584 74201.71445730618 74209.11394320904 Derrimut_0_1
127 333 74215.26043762952 74222.65992353238 Adelaide_1_0
23 229 74222.9625187879 74230.36200469076 Adelaide_0_0
179 385 74230.77937243378 74238.17885833664 Adelaide_1_1
75 281 74238.47947616798 74245.87896207084 Adelaide_0_1
440 940 74414.41111707687 74421.81060297973 Perth_0_0
8495 22559 75039.91454327106 75047.31402917393 Manila_1_0
8413 22477 75048.0177633961 75055.41724929896 Manila_0_0
8536 22600 75056.27166978276 75063.67115568562 Manila_1_1
8454 22518 75064.37353031177 75071.77301621463 Manila_0_1
11184 32172 75167.84803274274 75175.2475186456 Kaohsiung_0_0
11463 32541 75175.72455617796 75183.12404208082 Tainan_1_0
11417 32495 75183.75639409147 75191.15587999433 Tainan_0_0
1636 5039 75214.87280835901 75222.27229426187 Guangzhou_1_0
1548 4951 75222.67551694681 75230.07500284967 Guangzhou_0_0
1680 5083 75230.59230025661 75237.99178615947 Guangzhou_1_1
1592 4995 75238.39735834356 75245.79684424642 Guangzhou_0_1
11689 32767 75275.32002721597 75282.71951311883 Teiyuan_0_0
11599 32677 75282.71951311883 75290.1189990217 Taoyuan_0_0
11509 32587 75290.9956119695 75298.39509787236 Taipei_0_0
11367 32355 75302.49569896326 75309.89518486612 Nankan_1_0
11319 32307 75310.48846682927 75317.88795273213 Nankan_0_0
1448 4713 75369.03184461594 75376.4313305188 Chongqing_0_0
2034 5437 75417.97671539059 75425.37620129345 Qingdao_1_0
1926 5329 75425.77211984075 75433.17160574361 Qingdao_0_0
1398 4614 75444.19239369035 75451.59187959321 Beijing_0_0
16000 44122 77142.30020332336 77149.69968922623 Medford_0_0
15024 41511 77164.44663965702 77171.84612555988 Hebron_1_1
14921 41408 77171.97614532187 77179.37563122473 Hebron_0_1
14972 41459 77179.5181184836 77186.91760438646 Hebron_1_0
14869 41356 77187.04827691596 77194.44776281882 Hebron_0_0
17382 49401 77195.005500219 77202.40498612187 Watertown_0_0
15682 42998 77232.50135320425 77239.90083910711 Lansdale_1_1
15580 42896 77239.99183482988 77247.39132073274 Lansdale_0_1
15631 42947 77247.48709345752 77254.88657936038 Lansdale_1_0
15529 42845 77254.97794443768 77262.37743034054 Lansdale_0_0
12876 36798 77282.47166866064 77289.8711545635 Baltimore_0_1
12827 36749 77289.87363755426 77297.27312345713 Baltimore_0_0
13802 39272 77306.2565997839 77313.65608568676 Dulles_1_1
13701 39171 77313.72604576762 77321.12553167048 Dulles_0_1
13752 39222 77321.19714639205 77328.59663229491 Dulles_1_0
13651 39121 77328.66683405598 77336.06631995885 Dulles_0_0
441 941 80204.71224713326 80212.11173303612 Perth_0_0
5508 13183 81199.53464332223 81206.93412922509 Calcultta_0_0
5553 13226 81206.98194380525 81214.38142970811 Calcultta_0_1
5233 12733 81223.316240262 81230.71572616485 Ahmedabad_0_0
5281 12781 81230.82793519787 81238.22742110073 Ahmedabad_0_1
1498 4763 81291.86368969083 81299.26317559369 Chongqing_1_0
1449 4714 81299.3613515072 81306.76083741007 Chongqing_0_0
5651 13409 81403.0322432816 81410.43172918446 Chandigarh_1_0
5602 13360 81410.52023746687 81417.91972336973 Chandigarh_0_0
8364 22345 81485.55460503697 81492.95409093983 Lahore_1_1
7181 18969 81510.88661286235 81518.28609876521 Almaty_1_0
7063 18851 81518.457440555 81525.85692645785 Almaty_0_0
7240 19028 81526.12385930767 81533.52334521053 Almaty_1_1
7122 18910 81533.69613096483 81541.0956168677 Almaty_0_1
16001 44123 82997.15722852945 83004.55671443231 Medford_0_0
15362 42288 83054.24492294017 83061.64440884303 Ironton_1_0
15296 42222 83061.81122850743 83069.21071441029 Ironton_0_0
15025 41512 83118.34610868213 83125.745594585 Hebron_1_1
14922 41409 83125.91471355349 83133.31419945635 Hebron_0_1
1183 3433 83148.11120051167 83155.51068641453 Brampton_0_0
14973 41460 83170.56553529858 83177.96502120144 Hebron_1_0
14870 41357 83178.13271039254 83185.5321962954 Hebron_0_0
17383 49402 83186.31556261801 83193.71504852087 Watertown_0_0
15683 42999 83195.4878941829 83202.88738008575 Lansdale_1_1
15530 42846 83203.0129638738 83210.41244977666 Lansdale_0_0
13392 38375 83227.78178804298 83235.18127394584 Columbus_1_0
13342 38325 83235.72378716528 83243.12327306814 Columbus_0_0
15938 43488 83248.4706368846 83255.87012278746 Little Hocking_1_0
7537 20306 83399.7409081459 83407.14039404877 Monterrey_0_0
7394 19710 83501.3713323772 83508.77081828006 Aguascalientes_0_0
7767 20536 83512.30715523433 83519.70664113719 Pachuca_1_1
7676 20445 83519.9087448062 83527.30823070907 Pachuca_0_1
7721 20490 83527.54357152224 83534.9430574251 Pachuca_1_0
7630 20399 83535.14634499067 83542.54583089353 Pachuca_0_0
