357 657 687.8095277547836 695.2090136576377 Derrimut_1_0
255 555 695.5440759420302 702.9435618448842 Derrimut_0_0
408 708 703.4106708018026 710.8101567046566 Derrimut_1_1
306 606 711.1432318264833 718.5427177293374 Derrimut_0_1
513 1012 789.2970332801342 796.6965191829883 Sydney_0_0
565 1064 796.7512724573565 804.1507583602106 Sydney_0_1
148 354 828.3608097720637 835.7602956749178 Adelaide_1_0
44 250 836.3319574214612 843.7314433243153 Adelaide_0_0
200 406 844.4717181019955 851.8712040048496 Adelaide_1_1
96 302 852.4432744069827 859.8427603098368 Adelaide_0_1
8511 22575 1601.4027111530304 1608.8021970558846 Manila_1_0
8429 22493 1609.188105372452 1616.587591275306 Manila_0_0
8552 22616 1617.070548775038 1624.4700346778923 Manila_1_1
8470 22534 1624.8583117989917 1632.257797701846 Manila_0_1
11201 32189 1721.8701420426369 1729.269627945491 Kaohsiung_0_0
11481 32559 1729.6566698357733 1737.0561557386275 Tainan_1_0
11435 32513 1737.5079310018946 1744.9074169047487 Tainan_0_0
11706 32784 1749.8789600763967 1757.2784459792508 Teiyuan_0_0
11616 32694 1757.2784459792508 1764.677931882105 Taoyuan_0_0
11526 32604 1765.6122908031862 1773.0117767060403 Taipei_0_0
1654 5057 1811.7979554831982 1819.1974413860523 Guangzhou_1_0
1566 4969 1819.3441900978455 1826.7436760006997 Guangzhou_0_0
11246 32234 1843.028178972668 1850.4276648755222 Linkou_0_0
11751 32829 1850.4884790497506 1857.8879649526048 Teiyuan_0_1
11661 32739 1857.8879649526048 1865.287450855459 Taoyuan_0_1
11571 32649 1866.224975816239 1873.6244617190932 Taipei_0_1
2264 6134 1883.6322918007284 1891.0317777035825 Xiamen_0_0
1698 5101 1897.9881931442576 1905.3876790471118 Guangzhou_1_1
1610 5013 1905.535518865487 1912.935004768341 Guangzhou_0_1
11291 32279 1929.3175523685138 1936.717038271368 Linkou_0_1
11386 32374 1939.8145224571158 1947.21400835997 Nankan_1_0
11338 32326 1947.6937026818198 1955.093188584674 Nankan_0_0
1845 5248 1964.285749124056 1971.6852350269103 Ningbo_1_0
1746 5149 1972.2861267310464 1979.6856126339005 Ningbo_0_0
1894 5297 1980.4499569939971 1987.8494428968513 Ningbo_1_1
1796 5199 1988.450771500796 1995.8502574036502 Ningbo_0_1
2161 5564 1996.786481577281 2004.185967480135 Shanghai_0_0
2211 5614 2004.3509051289304 2011.7503910317846 Shanghai_0_1
2056 5459 2013.055862265322 2020.4553481681762 Qingdao_1_0
1948 5351 2021.0256757804075 2028.4251616832616 Qingdao_0_0
2110 5513 2029.1650363757678 2036.564522278622 Qingdao_1_1
2002 5405 2037.134495073239 2044.533980976093 Qingdao_0_1
9958 28243 2065.837239479335 2073.236725382189 Seoul_1_0
9909 28196 2073.5861483120907 2080.9856342149446 Seoul_0_0
16024 44146 3777.082864791155 3784.482350694009 Medford_0_0
12788 36254 4929.466792881489 4936.866278784343 Montevideo_1_1
12680 36146 4936.965410645598 4944.364896548453 Montevideo_0_1
12734 36200 4944.470973522885 4951.87045942574 Montevideo_1_0
12626 36092 4951.969168200384 4959.368654103238 Montevideo_0_0
461 960 6719.951055705547 6727.350541608402 Perth_0_0
1655 5058 7708.845453888178 7716.244939791032 Guangzhou_1_0
1567 4970 7716.35177855819 7723.751264461044 Guangzhou_0_0
1699 5102 7723.871126155306 7731.270612058161 Guangzhou_1_1
1611 5014 7731.376936877842 7738.7764227806965 Guangzhou_0_1
5254 12754 7794.536215029543 7801.935700932398 Ahmedabad_0_0
5302 12802 7801.986419275243 7809.385905178097 Ahmedabad_0_1
1520 4785 7859.28107527922 7866.680561182075 Chongqing_1_0
1471 4736 7866.93657983767 7874.336065740525 Chongqing_0_0
7205 18993 8125.549885243177 8132.949371146032 Almaty_1_0
7087 18875 8133.028549183119 8140.4280350859735 Almaty_0_0
7264 19052 8140.562311747051 8147.961797649906 Almaty_1_1
7146 18934 8148.041775691241 8155.4412615940955 Almaty_0_1
15389 42315 9587.912739902735 9595.312225805588 Ironton_1_0
15324 42250 9595.390106714463 9602.789592617317 Ironton_0_0
16025 44147 9648.389988162937 9655.78947406579 Medford_0_0
1207 3457 9681.450538902582 9688.850024805435 Brampton_0_0
15048 41535 9712.74645721024 9720.145943113093 Hebron_1_1
14945 41432 9720.52406296137 9727.923548864224 Hebron_0_1
14320 40105 9766.70045531691 9774.099941219763 Elk Grove Village_0_1
14741 41181 9774.265526712836 9781.66501261569 Hanover Park_0_1
15445 42557 9781.848019118437 9789.24750502129 Joliet_0_0
13094 37263 9792.46387669571 9799.863362598564 Carmel_1_1
12996 37165 9800.130574332072 9807.530060234925 Carmel_0_1
17604 49725 9807.571696401177 9814.97118230403 Whitestown_1_0
12948 37117 9815.059965452905 9822.459451355759 Carmel_0_0
16502 45893 9824.273013000018 9831.672498902872 New Johnsonville_0_1
16555 45946 9831.951890872662 9839.351376775516 New Johnsonville_1_0
15255 41987 9841.978084988756 9849.37757089161 Huntsville_1_1
15151 41883 9849.687309471068 9857.086795373922 Huntsville_0_1
15203 41935 9857.454556454919 9864.854042357772 Huntsville_1_0
14025 39811 9867.059796548097 9874.459282450951 Edwardsville_0_1
13974 39760 9874.533371979374 9881.932857882228 Edwardsville_0_0
13920 39512 9884.855408046686 9892.25489394954 Edison_0_1
14643 41084 9896.881021114617 9904.28050701747 Greenville_0_1
14592 41033 9904.344566037824 9911.744051940677 Greenville_0_0
17148 48712 9927.159452377125 9934.558938279979 Tampa_1_1
17050 48614 9935.197532369571 9942.597018272425 Tampa_0_1
17099 48663 9943.3885270525 9950.788012955354 Tampa_1_0
17002 48566 9951.428834769315 9958.828320672168 Tampa_0_0
6066 15524 13379.580449700356 13386.979935603209 Salem_1_0
5978 15436 13387.696158799268 13395.095644702122 Salem_0_0
6110 15568 13395.963939862286 13403.36342576514 Salem_1_1
6022 15480 13404.078637556318 13411.478123459172 Salem_0_1
5930 15214 13458.539090245962 13465.938576148816 Panjim_0_0
5529 13202 13548.495813429356 13555.89529933221 Calcultta_0_0
5574 13245 13555.947150154145 13563.346636056998 Calcultta_0_1
5774 14130 13593.875246946674 13601.274732849528 Indore_1_0
5729 14085 13601.877611864988 13609.277097767841 Indore_0_0
5869 14411 13612.068338978786 13619.46782488164 Kanpur_1_0
5823 14365 13620.098443605408 13627.497929508261 Kanpur_0_0
5435 13021 13630.8472614341 13638.246747336954 Baroda_1_0
5347 12933 13638.814955820124 13646.214441722977 Baroda_0_0
5255 12755 13685.364619223075 13692.764105125929 Ahmedabad_0_0
5479 13065 13731.199299428457 13738.59878533131 Baroda_1_1
5391 12977 13739.168915057222 13746.568400960075 Baroda_0_1
5671 13429 13769.481245285828 13776.880731188681 Chandigarh_1_0
5622 13380 13777.38537506794 13784.784860970793 Chandigarh_0_0
8333 22314 13791.818744680102 13799.218230582956 Lahore_1_0
7206 18994 13887.091758728027 13894.49124463088 Almaty_1_0
7088 18876 13894.789442442105 13902.188928344958 Almaty_0_0
7265 19053 13902.547517555702 13909.947003458556 Almaty_1_1
7147 18935 13910.243060830537 13917.64254673339 Almaty_0_1
1349 3599 15381.68371155858 15389.083197461434 Calgary_1_0
1277 3527 15389.202347123051 15396.601833025905 Calgary_0_0
15390 42316 15439.795308047665 15447.194793950519 Ironton_1_0
15325 42251 15447.502735606522 15454.902221509376 Ironton_0_0
13361 38344 15596.714208424091 15604.113694326945 Columbus_0_0
14321 40106 15607.28654099943 15614.686026902284 Elk Grove Village_0_1
14742 41182 15614.78839594669 15622.187881849544 Hanover Park_0_1
14273 40058 15622.36033074038 15629.759816643233 Elk Grove Village_0_0
14694 41134 15629.861262161132 15637.260748063985 Hanover Park_0_0
15446 42558 15637.506393522757 15644.90587942561 Joliet_0_0
13095 37264 15646.630783396724 15654.030269299577 Carmel_1_1
12997 37166 15654.112136820273 15661.511622723126 Carmel_0_1
15804 43120 15667.385515619553 15674.785001522407 Laredo_1_0
14840 41327 15678.576401640988 15685.975887543842 Hazelwood_1_0
14792 41279 15686.10964933463 15693.509135237484 Hazelwood_0_0
14491 40932 15693.87164621841 15701.271132121263 Grapevine_1_0
7602 20371 15735.922902673483 15743.322388576336 Monterrey_1_0
7556 20325 15743.657681404158 15751.057167307012 Monterrey_0_0
7505 20094 15768.123121561433 15775.522607464287 Matamoros_0_0
7455 19770 15798.620196938515 15806.019682841368 Aguascalientes_1_0
7411 19727 15806.421825207668 15813.821311110521 Aguascalientes_0_0
7785 20554 15842.330136954784 15849.729622857638 Pachuca_1_1
7739 20508 15849.789935796387 15857.18942169924 Pachuca_1_0
6333 16781 19771.28977164626 19778.689257549115 Lod_0_0
6387 17030 19779.419577068868 19786.81906297172 Migdal Haemek_0_0
6437 17080 19786.876449761556 19794.27593566441 Migdal Haemek_0_1
11803 33000 19875.889361858368 19883.28884776122 Ankara_0_0
11961 33158 19946.875981003046 19954.2754669059 Istanbul_1_0
11856 33053 19954.359183073386 19961.75866897624 Istanbul_0_0
12013 33210 19961.895570517492 19969.295056420346 Istanbul_1_1
11908 33105 19969.379587064326 19976.77907296718 Istanbul_0_1
9009 24597 20023.37908986211 20030.77857576496 Otopeni_0_0
9071 24659 20030.831848890757 20038.23133479361 Otopeni_0_1
8631 23379 20136.32518646121 20143.724672364064 Warsaw_0_0
8708 23456 20143.795297161327 20151.19478306418 Warsaw_0_1
2445 7242 20275.50387519598 20282.903361098834 Hvidovre_1_0
2361 7158 20282.942948434782 20290.342434337635 Hvidovre_0_0
11044 31228 20291.052514466384 20298.452000369238 Gothenburg_1_0
10866 31050 20298.49707454894 20305.896560451794 Gothenburg_0_0
11134 31318 20306.013561156455 20313.413047059308 Gothenburg_1_1
10955 31139 20313.45875525327 20320.858241156122 Gothenburg_0_1
1350 3600 21219.2600261271 21226.659512029953 Calgary_1_0
1278 3528 21226.879752780747 21234.2792386836 Calgary_0_0
16942 47740 21430.730331510305 21438.12981741316 Salt Lake City_1_1
16844 47642 21438.228033234853 21445.627519137706 Salt Lake City_0_1
16893 47691 21445.784016879737 21453.18350278259 Salt Lake City_1_0
16794 47592 21453.280793249578 21460.68027915243 Salt Lake City_0_0
16721 46404 21624.39365053177 21631.793136434622 Phoenix_0_1
16668 46351 21631.828481255416 21639.22796715827 Phoenix_0_0
13200 37567 21643.457425532564 21650.856911435418 Carson_0_1
15501 42817 21651.04860589108 21658.448091793933 Lakewood_0_0
13150 37517 21658.568188848174 21665.967674751028 Carson_0_0
17655 49776 21665.984609025727 21673.38409492858 Wilmington_0_0
3358 9314 21691.08018498657 21698.479670889425 Berlin_1_0
3284 9240 21698.86149492379 21706.260980826642 Berlin_0_0
9855 27809 24661.443643659353 24668.843129562207 Welkom_0_0
7839 21029 24680.307618434497 24687.70710433735 Maputo_0_0
7885 21075 24687.80551863736 24695.205004540214 Maputo_0_1
9260 25385 24704.6877386049 24712.08722450775 Bedfordview_0_0
9668 27527 24712.222912794103 24719.622398696956 Roodepoort_1_0
9760 27618 24719.897897206174 24727.297383109028 Spartan_0_0
9575 27434 24727.805159687097 24735.20464558995 Roodepoort_0_0
9306 25430 24735.6113242513 24743.010810154152 Bedfordview_0_1
9715 27573 24743.14730018412 24750.546786086972 Roodepoort_1_1
9806 27663 24750.82397182188 24758.223457724733 Spartan_0_1
9622 27481 24758.73430878064 24766.133794683494 Roodepoort_0_1
9477 27129 24769.667119877075 24777.066605779928 Polokwane_1_0
9384 27036 24777.393897306163 24784.793383209017 Polokwane_0_0
9523 27174 24785.180872984405 24792.58035888726 Polokwane_1_1
9430 27082 24792.90973535238 24800.309221255233 Polokwane_0_1
7311 19141 24822.127165436745 24829.526651339598 Lilongwe_0_0
7353 19183 24829.681011842076 24837.08049774493 Lilongwe_0_1
2501 7298 25554.4086240232 25561.808109926053 Alexandria_0_0
6334 16782 25596.549700140953 25603.949186043807 Lod_0_0
2550 7347 25611.47597902297 25618.875464925823 Alexandria_0_1
6388 17031 25627.063425651668 25634.46291155452 Migdal Haemek_0_0
6438 17081 25634.479979987944 25641.879465890797 Migdal Haemek_0_1
11804 33001 25717.134043365717 25724.53352926857 Ankara_0_0
11962 33159 25729.06397776899 25736.463463671844 Istanbul_1_0
11857 33054 25736.73327652209 25744.132762424942 Istanbul_0_0
12014 33211 25744.45147526858 25751.850961171433 Istanbul_1_1
11909 33106 25752.11893843342 25759.518424336275 Istanbul_0_1
9010 24598 25766.959514796734 25774.359000699587 Otopeni_0_0
9072 24660 25774.437143750412 25781.836629653266 Otopeni_0_1
10247 29224 25927.929798036814 25935.329283939667 El Prat De Llobregat_1_0
10191 29168 25935.393847007177 25942.79333291003 El Prat De Llobregat_0_0
3007 8692 25946.700434808525 25954.09992071138 Nice_0_0
3070 8755 25954.18358213805 25961.5830680409 Nice_0_1
6635 17750 25964.62416647847 25972.023652381322 Milan_1_0
6505 17620 25972.221217855753 25979.620703758606 Milan_0_0
6700 17815 25979.931510502152 25987.330996405006 Milan_1_1
6570 17685 25987.530165310778 25994.92965121363 Milan_0_1
4330 10425 25995.019968019133 26002.419453921986 Freiburg_0_0
4852 12205 26004.671254040357 26012.07073994321 Stuttgart_0_0
4920 12273 26012.208927965155 26019.60841386801 Stuttgart_0_1
4774 11445 26020.11364979026 26027.513135693112 Mannheim_0_0
4188 10283 26028.561985148433 26035.961471051287 Frankfurt_1_0
4261 10356 26036.10827432713 26043.507760229983 Frankfurt_1_1
3968 9921 26043.931210491104 26051.330696393958 Dortmund_1_1
4405 10652 26055.16307959829 26062.562565501143 Hannover_0_0
3435 9391 26063.343662711744 26070.743148614598 Bremen_0_0
2446 7243 26081.19329565972 26088.592781562573 Hvidovre_1_0
2362 7159 26088.959407792325 26096.35889369518 Hvidovre_0_0
11045 31229 26098.347352875433 26105.746838778286 Gothenburg_1_0
10867 31051 26106.102157274778 26113.50164317763 Gothenburg_0_0
11135 31319 26114.080736195534 26121.480222098387 Gothenburg_1_1
10956 31140 26121.834955245322 26129.234441148175 Gothenburg_0_1
8017 21721 28769.74802979827 28777.147515701123 Auckland_0_0
8129 21890 28777.716265651856 28785.11575155471 Hamilton_0_1
8073 21834 28785.1760840496 28792.575569952452 Hamilton_0_0
3359 9315 28794.089700012817 28801.48918591567 Berlin_1_0
3285 9241 28801.551992006 28808.951477908853 Berlin_0_0
9856 27810 30568.527043491602 30575.926529394455 Welkom_0_0
9261 25386 30654.82395118475 30662.223437087603 Bedfordview_0_0
9669 27528 30662.262721328378 30669.66220723123 Roodepoort_1_0
9761 27619 30669.750400850786 30677.14988675364 Spartan_0_0
9576 27435 30677.31231050311 30684.711796405965 Roodepoort_0_0
9307 25431 30684.856340236525 30692.25582613938 Bedfordview_0_1
9716 27574 30692.294782890585 30699.69426879344 Roodepoort_1_1
9623 27482 30699.76786465017 30707.167350553023 Roodepoort_0_1
10420 29975 31600.895338892937 31608.29482479579 Linares_1_0
10367 29922 31608.852115884314 31616.251601787168 Linares_0_0
10542 30420 31628.15449933369 31635.553985236544 Valencia_0_0
8891 24369 31661.081087105387 31668.48057300824 Vila Franca Xira_1_0
8779 24257 31668.829635644222 31676.229121547076 Vila Franca Xira_0_0
8947 24425 31676.717698612832 31684.117184515686 Vila Franca Xira_1_1
8835 24313 31684.468243200045 31691.867729102898 Vila Franca Xira_0_1
10248 29225 31725.418507880593 31732.817993783447 El Prat De Llobregat_1_0
10192 29169 31733.171012551324 31740.570498454177 El Prat De Llobregat_0_0
3008 8693 31748.987389887407 31756.38687579026 Nice_0_0
6701 17816 31758.311260214774 31765.710746117627 Milan_1_1
6571 17686 31765.831526687485 31773.23101259034 Milan_0_1
2942 8428 31777.23638836438 31784.635874267235 Lyon_1_0
4331 10426 31787.784375061095 31795.18386096395 Freiburg_0_0
4921 12274 31810.28217729926 31817.681663202115 Stuttgart_0_1
4775 11446 31818.147313213343 31825.546799116197 Mannheim_0_0
4189 10284 31827.298586577177 31834.69807248003 Frankfurt_1_0
5198 12548 31835.781167339985 31843.180653242838 Troisdorf-Spich_1_0
5126 12476 31843.311656480964 31850.711142383818 Troisdorf-Spich_0_0
4703 11374 31850.83805856308 31858.237544465934 Koeln_0_0
3893 9846 31858.7937541456 31866.193240048455 Dortmund_1_0
7954 21216 31867.976456595406 31875.37594249826 Eindhoven_0_0
12322 33868 31881.40641941291 31888.805905315763 Aylesford_1_0
12250 33796 31889.007663073287 31896.40714897614 Aylesford_0_1
12100 33646 31902.02581846714 31909.425304369994 Aberdeen_0_0
13411 38394 31941.13640460199 31948.535890504845 Columbus_1_0
8018 21722 34558.05820146203 34565.457687364884 Auckland_0_0
8130 21891 34573.67429125309 34581.07377715594 Hamilton_0_1
8074 21835 34581.099431987364 34588.49891789022 Hamilton_0_0
566 1065 34656.59627518058 34663.99576108343 Sydney_0_1
514 1013 34664.04493281237 34671.444418715226 Sydney_0_0
8892 24370 37714.14779871702 37721.547284619875 Vila Franca Xira_1_0
8780 24258 37721.607303317855 37729.00678922071 Vila Franca Xira_0_0
8948 24426 37729.06718062241 37736.466666525266 Vila Franca Xira_1_1
8836 24314 37736.526499954314 37743.92598585717 Vila Franca Xira_0_1
6193 16204 37909.44391271472 37916.84339861757 Shannon_0_0
6269 16280 37916.849703509724 37924.24918941258 Shannon_0_1
6820 18457 39480.64332905412 39488.04281495697 Narita_0_1
7030 18769 39502.63669887185 39510.036184774704 Tokyo_1_1
6926 18665 39513.49347907305 39520.8929649759 Tokyo_0_1
6767 18404 39521.13542061876 39528.534906521614 Narita_0_0
6978 18717 39528.707404884626 39536.10689078748 Tokyo_1_0
6874 18613 39536.174652900394 39543.57413880325 Tokyo_0_0
567 1066 40442.36762621999 40449.76711212284 Sydney_0_1
515 1014 40449.79475499997 40457.19424090283 Sydney_0_0
201 407 40489.2916758094 40496.69116171225 Adelaide_1_1
97 303 40497.23184827596 40504.63133417881 Adelaide_0_1
149 355 40505.34204360411 40512.741529506966 Adelaide_1_0
45 251 40513.28306093883 40520.68254684169 Adelaide_0_0
409 709 40543.351951946286 40550.75143784914 Derrimut_1_1
307 607 40551.16339602975 40558.5628819326 Derrimut_0_1
358 658 40559.065435863675 40566.46492176653 Derrimut_1_0
256 556 40566.87399968297 40574.27348558582 Derrimut_0_0
1044 2804 42506.041059046984 42513.44054494984 Paranagua_0_0
993 2661 42519.2337847352 42526.633270638056 Curitiba_0_0
1141 2950 42537.1833762002 42544.58286210305 Rio De Janeiro_1_0
1093 2902 42545.011117620896 42552.41060352375 Rio De Janeiro_0_0
898 2566 42559.71068901324 42567.110174916095 Campinas_0_0
946 2614 42567.14663502081 42574.54612092366 Campinas_0_1
1420 4636 45319.98186862469 45327.38135452754 Beijing_0_0
6821 18458 45377.92907059312 45385.32855649597 Narita_0_1
6768 18405 45385.435681077724 45392.83516698058 Narita_0_0
7031 18770 45393.5520457481 45400.95153165096 Tokyo_1_1
6927 18666 45401.24055423141 45408.64004013426 Tokyo_0_1
6979 18718 45409.040323936904 45416.43980983976 Tokyo_1_0
6875 18614 45416.72683295644 45424.12631885929 Tokyo_0_0
2212 5615 45469.47293320882 45476.87241911167 Shanghai_0_1
2162 5565 45476.901277142286 45484.30076304514 Shanghai_0_0
1895 5298 45484.8211973298 45492.220683232656 Ningbo_1_1
1797 5200 45492.43393768661 45499.833423589465 Ningbo_0_1
1846 5249 45500.07970928934 45507.479195192194 Ningbo_1_0
1747 5150 45507.69371574381 45515.09320164666 Ningbo_0_0
11387 32375 45516.158653947685 45523.55813985054 Nankan_1_0
11339 32327 45523.74624680948 45531.145732712335 Nankan_0_0
11572 32650 45533.439738387555 45540.83922429041 Taipei_0_1
11292 32280 45541.176249032564 45548.57573493542 Linkou_0_1
11752 32830 45548.6023302811 45556.001816183954 Teiyuan_0_1
11662 32740 45556.001816183954 45563.40130208681 Taoyuan_0_1
11482 32560 45564.24345013269 45571.64293603555 Tainan_1_0
11436 32514 45571.861523189706 45579.26100909256 Tainan_0_0
11202 32190 45579.47683559216 45586.876321495016 Kaohsiung_0_0
8553 22617 45615.90195426345 45623.3014401663 Manila_1_1
8471 22535 45623.644486130754 45631.04397203361 Manila_0_1
8512 22576 45631.45239321377 45638.85187911662 Manila_1_0
8430 22494 45639.19712095889 45646.59660686174 Manila_0_0
462 961 46334.94977495074 46342.349260853596 Perth_0_0
16026 44148 46356.893470558 46364.29295646086 Medford_0_0
12735 36201 48184.145607441664 48191.54509334452 Montevideo_1_0
12627 36093 48192.00376129909 48199.403247201946 Montevideo_0_0
12789 36255 48200.01489018086 48207.41437608371 Montevideo_1_1
12681 36147 48207.87130987704 48215.27079577989 Montevideo_0_1
1045 2805 48402.08057039976 48409.480056302615 Paranagua_0_0
994 2662 48409.96041216538 48417.359898068236 Curitiba_0_0
899 2567 48519.13535219431 48526.53483809716 Campinas_0_0
947 2615 48526.56324895981 48533.96273486266 Campinas_0_1
17100 48664 49285.45933011174 49292.858816014596 Tampa_1_0
17003 48567 49293.10773207811 49300.507217980965 Tampa_0_0
17149 48713 49300.84135966477 49308.24084556763 Tampa_1_1
17051 48615 49308.49152577572 49315.89101167857 Tampa_0_1
13872 39464 49358.97963246703 49366.379118369885 Edison_0_0
13921 39513 49366.45674881276 49373.85623471561 Edison_0_1
14593 41034 49388.525155335665 49395.92464123852 Greenville_0_0
14644 41085 49395.98793391627 49403.387419819126 Greenville_0_1
17452 49469 49412.97548327932 49420.37496918217 West Columbia_0_0
17504 49521 49420.5074054651 49427.90689136795 West Columbia_0_1
13975 39761 49435.71418455868 49443.113670461535 Edwardsville_0_0
14026 39812 49443.194303399905 49450.59378930276 Edwardsville_0_1
15205 41937 49451.220604597846 49458.6200905007 Huntsville_1_0
15257 41989 49458.69762864213 49466.09711454498 Huntsville_1_1
13773 39243 49490.498849557494 49497.89833546035 Dulles_1_0
15391 42317 49631.20195496082 49638.60144086368 Ironton_1_0
15326 42252 49638.72438271733 49646.12386862018 Ironton_0_0
9960 28245 51225.33483788371 51232.734323786564 Seoul_1_0
9911 28198 51232.79268281469 51240.19216871754 Seoul_0_0
1421 4637 51250.327122154136 51257.72660805699 Beijing_0_0
2112 5515 51264.711387437565 51272.11087334042 Qingdao_1_1
2004 5407 51272.24656052198 51279.64604642483 Qingdao_0_1
2058 5461 51279.845867931486 51287.24535383434 Qingdao_1_0
1950 5353 51287.379892656165 51294.77937855902 Qingdao_0_0
2213 5616 51297.01584000659 51304.415325909446 Shanghai_0_1
2163 5566 51304.4570377323 51311.85652363516 Shanghai_0_0
1896 5299 51318.12307429314 51325.52256019599 Ningbo_1_1
1798 5201 51325.60511084615 51333.004596749 Ningbo_0_1
1847 5250 51333.12410494692 51340.52359084977 Ningbo_1_0
1748 5151 51340.60542104171 51348.00490694457 Ningbo_0_0
11388 32376 51388.66291821003 51396.06240411288 Nankan_1_0
11340 32328 51396.14887359732 51403.54835950017 Nankan_0_0
1521 4786 51430.51121312467 51437.910699027525 Chongqing_1_0
1472 4737 51438.55005966942 51445.94954557227 Chongqing_0_0
2266 6136 51472.84765916958 51480.24714507243 Xiamen_0_0
1700 5103 51484.24120945562 51491.640695358474 Guangzhou_1_1
1612 5015 51491.86349636988 51499.26298227273 Guangzhou_0_1
1656 5059 51499.554668315744 51506.9541542186 Guangzhou_1_0
1568 4971 51507.17535607636 51514.574841979214 Guangzhou_0_0
14322 40107 51566.5256030083 51573.92508891115 Elk Grove Village_0_1
14743 41183 51574.02430532175 51581.4237912246 Hanover Park_0_1
3286 9242 51605.32507073798 51612.72455664083 Berlin_0_0
3360 9316 51613.15241754249 51620.55190344535 Berlin_1_0
7740 20509 55038.182794868946 55045.5822807718 Pachuca_1_0
7649 20418 55046.22494470508 55053.62443060793 Pachuca_0_0
7786 20555 55054.421700391984 55061.82118629484 Pachuca_1_1
7695 20464 55062.465018466006 55069.86450436886 Pachuca_0_1
7456 19771 55087.27805921435 55094.67754511721 Aguascalientes_1_0
7412 19728 55095.1084126039 55102.50789850675 Aguascalientes_0_0
7603 20372 55129.0275362432 55136.427022146054 Monterrey_1_0
7557 20326 55137.03043937236 55144.42992527522 Monterrey_0_0
7506 20095 55185.57061421871 55192.970100121565 Matamoros_0_0
16125 44247 55236.25438855518 55243.65387445803 Melville_1_0
16075 44197 55243.92217766273 55251.321663565584 Melville_0_0
13873 39465 55302.47281768918 55309.872303592034 Edison_0_0
14594 41035 55311.04027101066 55318.43975691351 Greenville_0_0
14645 41086 55318.452391012266 55325.85187691512 Greenville_0_1
13976 39762 55326.6745272951 55334.074013197955 Edwardsville_0_0
14027 39813 55334.0818377328 55341.48132363566 Edwardsville_0_1
14493 40934 55347.88497181513 55355.284457717986 Grapevine_1_0
14388 40829 55355.541547119414 55362.94103302227 Grapevine_0_0
14793 41280 55366.27283335813 55373.672319260986 Hazelwood_0_0
15447 42559 55423.063613295555 55430.46309919841 Joliet_0_0
13571 39041 55466.60877511719 55474.00826102004 Denver_1_0
13471 38941 55474.49348585554 55481.892971758396 Denver_0_0
13621 39091 55482.549838822204 55489.94932472506 Denver_1_1
13521 38991 55490.43554258717 55497.83502849002 Denver_0_1
1351 3601 55568.986537218094 55576.38602312095 Calgary_1_0
1279 3529 55576.648788246974 55584.04827414983 Calgary_0_0
7266 19054 56989.08747187257 56996.48695777542 Almaty_1_1
7148 18936 56996.744300710525 57004.14378661338 Almaty_0_1
7207 18995 57004.44970547942 57011.84919138227 Almaty_1_0
7089 18877 57012.10834063615 57019.507826539004 Almaty_0_0
8385 22366 57194.29877483845 57201.6982607413 Lahore_1_1
8282 22263 57201.98234981278 57209.381835715634 Lahore_0_1
8334 22315 57209.71600808728 57217.11549399013 Lahore_1_0
8232 22213 57217.40142881926 57224.80091472212 Lahore_0_0
5672 13430 57230.68915139158 57238.08863729444 Chandigarh_1_0
5623 13381 57238.51645551358 57245.91594141643 Chandigarh_0_0
5304 12804 57284.383650821284 57291.78313672414 Ahmedabad_0_1
5256 12756 57291.8710030441 57299.27048894695 Ahmedabad_0_0
5480 13066 57347.176196187735 57354.57568209059 Baroda_1_1
5392 12978 57354.874464737506 57362.27395064036 Baroda_0_1
5824 14366 57364.52206313993 57371.92154904278 Kanpur_0_0
5775 14131 57372.174297189005 57379.57378309186 Indore_1_0
6111 15569 57482.57874447107 57489.97823037393 Salem_1_1
6023 15481 57490.695167854035 57498.09465375689 Salem_0_1
6067 15525 57498.96768628849 57506.36717219134 Salem_1_0
10657 30535 57516.18259964595 57523.582085548805 Vigo_0_1
14175 39961 61216.22366142273 61223.62314732558 Elgin_1_0
14077 39863 61223.727787070406 61231.12727297326 Elgin_0_0
14224 40010 61231.241683375134 61238.64116927799 Elgin_1_1
14126 39912 61238.74534102276 61246.144826925614 Elgin_0_1
16670 46353 61247.107739580235 61254.50722548309 Phoenix_0_0
16723 46406 61254.52086900637 61261.92035490922 Phoenix_0_1
17657 49778 61269.585142667835 61276.98462857069 Wilmington_0_0
15503 42819 61277.248877601065 61284.64836350392 Lakewood_0_0
13152 37519 61284.89569692893 61292.29518283178 Carson_0_0
13202 37569 61292.35366830878 61299.753154211634 Carson_0_1
16894 47692 61354.79395312071 61362.19343902356 Salt Lake City_1_0
16795 47593 61362.29355176907 61369.693037671925 Salt Lake City_0_0
16943 47741 61369.799386478 61377.19887238085 Salt Lake City_1_1
16845 47643 61377.29855873336 61384.698044636214 Salt Lake City_0_1
1352 3602 61504.050530940294 61511.45001684315 Calgary_1_0
1280 3530 61511.54970648271 61518.94919238556 Calgary_0_0
7267 19055 62900.82787746191 62908.227363364764 Almaty_1_1
7149 18937 62908.31787210552 62915.717358008376 Almaty_0_1
7208 18996 62915.867616604985 62923.26710250784 Almaty_1_0
7090 18878 62923.35671976987 62930.756205672726 Almaty_0_0
8283 22264 63187.677387684584 63195.07687358744 Lahore_0_1
8233 22214 63195.10982349911 63202.50930940196 Lahore_0_0
8184 22165 63223.044533997774 63230.44401990063 Karachi_0_0
7354 19184 64018.66151687503 64026.06100277788 Lilongwe_0_1
7312 19142 64026.09065956852 64033.490145471376 Lilongwe_0_0
9524 27175 64220.363180071115 64227.76266597397 Polokwane_1_1
9431 27083 64230.25576376915 64237.655249672 Polokwane_0_1
9478 27130 64237.76461757456 64245.164103477415 Polokwane_1_0
9385 27037 64245.24242117386 64252.641907076715 Polokwane_0_0
7886 21076 64255.07008869887 64262.469574601724 Maputo_0_1
7840 21030 64262.521728243555 64269.92121414641 Maputo_0_0
8710 23458 68762.56944003701 68769.96892593987 Warsaw_0_1
8633 23381 68769.96904808261 68777.36853398547 Warsaw_0_0
9143 25132 68898.87307849526 68906.27256439812 Senec_0_0
9210 25199 68906.33520994932 68913.73469585218 Senec_1_0
9073 24661 68919.91552300056 68927.31500890342 Otopeni_0_1
9011 24599 68927.34594851999 68934.74543442285 Otopeni_0_0
12015 33212 68940.71840358639 68948.11788948925 Istanbul_1_1
11910 33107 68948.4614415729 68955.86092747576 Istanbul_0_1
11963 33160 68956.27944786169 68963.67893376455 Istanbul_1_0
11858 33055 68964.0249913281 68971.42447723096 Istanbul_0_0
11805 33002 68982.33032121029 68989.72980711315 Ankara_0_0
6439 17082 69005.61674161896 69013.01622752182 Migdal Haemek_0_1
6389 17032 69013.17897201928 69020.57845792214 Migdal Haemek_0_0
6335 16783 69021.74682998373 69029.1463158866 Lod_0_0
2551 7348 69046.70536033437 69054.10484623723 Alexandria_0_1
2502 7299 69054.234316489 69061.63380239187 Alexandria_0_0
7355 19185 69810.69342666864 69818.0929125715 Lilongwe_0_1
7313 19143 69818.11500750709 69825.51449340995 Lilongwe_0_0
9525 27176 69940.18637040257 69947.58585630544 Polokwane_1_1
9432 27084 69947.79178754184 69955.1912734447 Polokwane_0_1
9479 27131 69955.42797511972 69962.82746102258 Polokwane_1_0
9386 27038 69963.03220146196 69970.43168736482 Polokwane_0_0
7887 21077 70013.46291726828 70020.86240317114 Maputo_0_1
7841 21031 70020.8757525135 70028.27523841636 Maputo_0_0
9717 27575 70032.97960962779 70040.37909553065 Roodepoort_1_1
9624 27483 70040.62674748914 70048.026233392 Roodepoort_0_1
9577 27436 70048.06682938024 70055.4663152831 Roodepoort_0_0
9857 27811 70056.78311568366 70064.18260158652 Welkom_0_0
11137 31321 74503.64516952634 74511.0446554292 Gothenburg_1_1
10958 31142 74511.35729469925 74518.75678060211 Gothenburg_0_1
11047 31231 74519.19876971976 74526.59825562262 Gothenburg_1_0
10869 31053 74526.91380241253 74534.31328831539 Gothenburg_0_0
12101 33647 74593.2700818181 74600.66956772096 Aberdeen_0_0
2448 7245 74619.19588755973 74626.5953734626 Hvidovre_1_0
2364 7161 74626.95767561492 74634.35716151778 Hvidovre_0_0
8711 23459 74657.62443470806 74665.02392061093 Warsaw_0_1
8634 23382 74665.20907390531 74672.60855980817 Warsaw_0_0
12546 34390 74713.93895899228 74721.33844489514 Birmingham_1_0
12472 34316 74721.44348749006 74728.84297339292 Birmingham_0_0
3970 9923 74739.7352225172 74747.13470842007 Dortmund_1_1
3819 9775 74747.43600076603 74754.83548666889 Dortmund_0_1
3894 9847 74755.22056274743 74762.6200486503 Dortmund_1_0
3744 9700 74762.92386958745 74770.32335549031 Dortmund_0_0
5199 12549 74770.35808470473 74777.75757060759 Troisdorf-Spich_1_0
4190 10285 74781.31830030592 74788.71778620878 Frankfurt_1_0
4776 11447 74789.15344169132 74796.55292759418 Mannheim_0_0
4922 12275 74798.57914669768 74805.97863260054 Stuttgart_0_1
4854 12207 74806.10144271598 74813.50092861884 Stuttgart_0_0
4332 10427 74816.07947528009 74823.47896118295 Freiburg_0_0
6572 17687 74828.50942280471 74835.90890870757 Milan_0_1
3072 8757 74839.64192000424 74847.0414059071 Nice_0_1
3009 8694 74847.15352327774 74854.5530091806 Nice_0_0
10368 29923 74932.21542978287 74939.61491568573 Linares_0_0
3361 9317 74995.91656029262 75003.31604619548 Berlin_1_0
3287 9243 75003.36714360864 75010.7666295115 Berlin_0_0
8075 21836 77801.34444269538 77808.74392859824 Hamilton_0_0
8131 21892 77808.88342049657 77816.28290639943 Hamilton_0_1
8019 21723 77817.89621382952 77825.29569973238 Auckland_0_0
11138 31322 80398.97542721033 80406.37491311319 Gothenburg_1_1
10959 31143 80406.46182414713 80413.86131005 Gothenburg_0_1
11048 31232 80414.05557307729 80421.45505898015 Gothenburg_1_0
10870 31054 80421.54094335706 80428.94042925992 Gothenburg_0_0
2449 7246 80449.73031145334 80457.1297973562 Hvidovre_1_0
2365 7162 80457.20038184307 80464.59986774593 Hvidovre_0_0
12102 33648 80480.27343147807 80487.67291738093 Aberdeen_0_0
3670 9626 80502.93990538533 80510.33939128819 Bremen_1_1
3515 9471 80510.42484570258 80517.82433160544 Bremen_0_1
3592 9548 80517.99447576578 80525.39396166864 Bremen_1_0
3438 9394 80525.47845971567 80532.87794561853 Bremen_0_0
4628 10875 80533.65797189141 80541.05745779428 Hannover_1_1
4481 10728 80541.13150879613 80548.53099469899 Hannover_0_1
4554 10801 80548.67963142398 80556.07911732684 Hannover_1_0
4408 10655 80556.15231659317 80563.55180249603 Hannover_0_0
3971 9924 80564.2502082323 80571.64969413517 Dortmund_1_1
3820 9776 80571.7382688755 80579.13775477836 Dortmund_0_1
3895 9848 80579.30728933592 80586.70677523878 Dortmund_1_0
3745 9701 80586.79438611578 80594.19387201864 Dortmund_0_0
4264 10359 80595.39850230151 80602.79798820437 Frankfurt_1_1
5200 12550 80603.76091306236 80611.16039896522 Troisdorf-Spich_1_0
4705 11376 80611.39247422433 80618.79196012719 Koeln_0_0
5128 12478 80618.93726412354 80626.3367500264 Troisdorf-Spich_0_0
12547 34391 80635.81993908614 80643.219424989 Birmingham_1_0
2814 8229 80650.46602104256 80657.86550694543 Bordeaux_1_1
2687 8102 80658.0162137497 80665.41569965256 Bordeaux_0_1
2750 8165 80665.65691105773 80673.05639696059 Bordeaux_1_0
2624 8039 80673.20576030333 80680.60524620619 Bordeaux_0_0
10485 30151 80683.26078471138 80690.66027061424 Santander_0_0
10779 30657 80692.27031060678 80699.66979650964 Vitoria-Gasteiz_0_1
10718 30596 80699.76674792923 80707.16623383209 Vitoria-Gasteiz_0_0
10599 30477 80716.43080033577 80723.83028623863 Vigo_0_0
8949 24427 80739.0355309248 80746.43501682766 Vila Franca Xira_1_1
8837 24315 80746.78519607366 80754.18468197652 Vila Franca Xira_0_1
1142 2951 81950.84862482548 81958.24811072834 Rio De Janeiro_1_0
1094 2903 81958.34272212393 81965.74220802679 Rio De Janeiro_0_0
359 659 83762.74369481206 83770.14318071492 Derrimut_1_0
257 557 83770.41868391012 83777.81816981298 Derrimut_0_0
410 710 83778.14458921221 83785.54407511507 Derrimut_1_1
308 608 83785.82142395758 83793.22090986044 Derrimut_0_1
516 1015 83812.64886369546 83820.04834959832 Sydney_0_0
568 1067 83820.20852030371 83827.60800620657 Sydney_0_1
150 356 83872.85605058074 83880.2555364836 Adelaide_1_0
46 252 83880.3814567507 83887.78094265357 Adelaide_0_0
202 408 83887.91984108205 83895.31932698491 Adelaide_1_1
98 304 83895.44585178858 83902.84533769144 Adelaide_0_1
1848 5251 85026.86400419474 85034.2634900976 Ningbo_1_0
1749 5152 85034.34645461525 85041.74594051811 Ningbo_0_0
1897 5300 85041.86668425714 85049.26617016 Ningbo_1_1
1799 5202 85049.34985296596 85056.74933886882 Ningbo_0_1
2164 5567 85056.99410354169 85064.39358944455 Shanghai_0_0
6980 18719 85107.1698556155 85114.56934151836 Tokyo_1_0
2214 5617 85157.30524271351 85164.70472861637 Shanghai_0_1
6876 18615 85206.99691401458 85214.39639991744 Tokyo_0_0
6769 18406 85215.96198816961 85223.36147407247 Narita_0_0
7032 18771 85224.38599897361 85231.78548487647 Tokyo_1_1
6928 18667 85232.22627253438 85239.62575843724 Tokyo_0_1
6822 18459 85241.18088606546 85248.58037196832 Narita_0_1
9961 28246 85284.39576903489 85291.79525493775 Seoul_1_0
9912 28199 85292.06023683168 85299.45972273454 Seoul_0_0
