6280 16291 514.9078809916973 522.3073668945514 Shannon_0_1
1148 2957 1762.5887678265572 1769.9882537294113 Rio De Janeiro_1_0
1100 2909 1770.1132974502912 1777.5127833531453 Rio De Janeiro_0_0
953 2621 1781.6938385117016 1789.0933244145558 Campinas_0_1
905 2573 1789.1329050996203 1796.5323910024745 Campinas_0_0
1051 2811 1798.1151359361684 1805.5146218390225 Paranagua_0_0
1001 2669 1806.9154828686317 1814.3149687714858 Curitiba_0_0
12795 36261 1889.3073615431786 1896.7068474460327 Montevideo_1_1
12687 36153 1897.2478287167833 1904.6473146196374 Montevideo_0_1
12741 36207 1905.320499684419 1912.7199855872732 Montevideo_1_0
12633 36099 1913.2579764422742 1920.6574623451284 Montevideo_0_0
365 665 3743.7767490148544 3751.1762349177084 Derrimut_1_0
263 563 3751.239356226715 3758.6388421295687 Derrimut_0_0
416 716 3758.7410837680595 3766.1405696709135 Derrimut_1_1
314 614 3766.2030540837477 3773.6025399866016 Derrimut_0_1
157 363 3776.035175038703 3783.434660941557 Adelaide_1_0
53 259 3783.558929175916 3790.95841507877 Adelaide_0_0
209 415 3791.1419390143465 3798.5414249172004 Adelaide_1_1
105 311 3798.6646469262155 3806.0641328290694 Adelaide_0_1
468 967 3856.121811303559 3863.521297206413 Perth_0_0
8518 22582 4536.707185804844 4544.106671707698 Manila_1_0
8436 22500 4544.418519158885 4551.818005061739 Manila_0_0
8559 22623 4552.186401356301 4559.585887259155 Manila_1_1
8477 22541 4559.895796413042 4567.295282315897 Manila_0_1
11209 32197 4669.864699214697 4677.264185117551 Kaohsiung_0_0
11489 32567 4677.4368929620105 4684.836378864865 Tainan_1_0
11443 32521 4685.099799671276 4692.49928557413 Tainan_0_0
1662 5065 4711.1333982781725 4718.532884181027 Guangzhou_1_0
11624 32702 4739.217768338381 4746.617254241235 Taoyuan_0_0
11395 32383 4747.977989209047 4755.377475111902 Nankan_1_0
11347 32335 4755.621891108861 4763.021377011715 Nankan_0_0
1855 5258 4805.841132581234 4813.240618484088 Ningbo_1_0
1756 5159 4813.407033036257 4820.806518939112 Ningbo_0_0
1904 5307 4820.994995046518 4828.394480949372 Ningbo_1_1
1806 5209 4828.560002410007 4835.959488312861 Ningbo_0_1
2171 5574 4836.050378286812 4843.449864189666 Shanghai_0_0
2221 5624 4843.471342042316 4850.87082794517 Shanghai_0_1
2066 5469 4902.736892640591 4910.136378543445 Qingdao_1_0
1958 5361 4910.299509139023 4917.698995041877 Qingdao_0_0
2121 5524 4917.88229391657 4925.281779819425 Qingdao_1_1
2012 5415 4925.444031997026 4932.843517899881 Qingdao_0_1
1428 4644 4942.225804030895 4949.62528993375 Beijing_0_0
1216 3466 6642.747414201498 6650.146900104352 Brampton_0_0
16029 44151 6660.745770280006 6668.14525618286 Medford_0_0
15052 41539 6669.999332666644 6677.398818569498 Hebron_1_1
14949 41436 6677.700020862652 6685.099506765507 Hebron_0_1
15000 41487 6685.462049247895 6692.86153515075 Hebron_1_0
14897 41384 6693.164903707551 6700.564389610406 Hebron_0_0
17409 49426 6701.851177680302 6709.250663583156 Watertown_0_0
15964 43514 6745.899305939674 6753.298791842529 Little Hocking_1_0
17512 49529 6817.969999462366 6825.3694853652205 West Columbia_0_1
17460 49477 6825.379881421161 6832.779367324016 West Columbia_0_0
17157 48721 6934.6686027646065 6942.068088667461 Tampa_1_1
17059 48623 6942.176924727078 6949.576410629932 Tampa_0_1
17108 48672 6949.697241367568 6957.096727270422 Tampa_1_0
17011 48575 6957.206075855475 6964.60556175833 Tampa_0_0
469 968 9754.87412622571 9762.273612128563 Perth_0_0
6072 15530 10548.35012692213 10555.749612824984 Salem_1_0
5984 15442 10555.874760368266 10563.27424627112 Salem_0_0
6116 15574 10563.433618032932 10570.833103935785 Salem_1_1
6028 15486 10570.959104768184 10578.358590671038 Salem_0_1
5535 13208 10609.11122879386 10616.510714696713 Calcultta_0_0
5580 13251 10616.622300275785 10624.021786178639 Calcultta_0_1
5783 14139 10769.105370998383 10776.504856901236 Indore_1_0
5738 14094 10776.591355330787 10783.99084123364 Indore_0_0
5878 14420 10784.44520488522 10791.844690788073 Kanpur_1_0
5832 14374 10791.940185055151 10799.339670958005 Kanpur_0_0
5679 13437 10805.044238964061 10812.443724866915 Chandigarh_1_0
5630 13388 10812.66955375507 10820.069039657923 Chandigarh_0_0
7216 19004 10947.818500369787 10955.21798627264 Almaty_1_0
7098 18886 10955.590567939667 10962.99005384252 Almaty_0_0
7275 19063 10963.523636375256 10970.923122278109 Almaty_1_1
7157 18945 10971.297440178552 10978.696926081406 Almaty_0_1
12114 33660 10993.716826861079 11001.116312763932 Aberdeen_0_0
16030 44152 12534.121014505625 12541.520500408478 Medford_0_0
15053 41540 12541.809000328129 12549.208486230982 Hebron_1_1
14950 41437 12549.283966779902 12556.683452682755 Hebron_0_1
15001 41488 12556.808585735153 12564.208071638006 Hebron_1_0
14898 41385 12564.282789869942 12571.682275772795 Hebron_0_0
17410 49427 12572.026547863978 12579.426033766831 Watertown_0_0
1217 3467 12586.013491153528 12593.412977056381 Brampton_0_0
15399 42325 12630.241098867858 12637.640584770712 Ironton_1_0
15334 42260 12637.99377218795 12645.393258090804 Ironton_0_0
15712 43028 12688.471201672954 12695.870687575807 Lansdale_1_1
15559 42875 12695.91245926118 12703.311945164034 Lansdale_0_0
13419 38402 12711.111349273571 12718.510835176425 Columbus_1_0
13370 38353 12718.794554536256 12726.19404043911 Columbus_0_0
13103 37272 12732.586847738437 12739.986333641291 Carmel_1_1
13005 37174 12740.410380479738 12747.809866382591 Carmel_0_1
13054 37223 12748.394101212833 12755.793587115686 Carmel_1_0
17565 49686 12756.80072412871 12764.200210031564 Whitestown_0_0
14036 39822 12771.258540074741 12778.658025977595 Edwardsville_0_1
13985 39771 12778.773894712489 12786.173380615342 Edwardsville_0_0
13930 39522 12788.762962912859 12796.162448815712 Edison_0_1
17158 48722 12800.726742983132 12808.126228885985 Tampa_1_1
17012 48576 12808.220870124118 12815.620356026971 Tampa_0_0
7609 20378 12861.605694997876 12869.00518090073 Monterrey_1_0
7462 19777 12883.217330813408 12890.616816716261 Aguascalientes_1_0
7418 19734 12890.91716480246 12898.316650705314 Aguascalientes_0_0
7792 20561 12908.63608384567 12916.035569748523 Pachuca_1_1
7701 20470 12916.598900874103 12923.998386776957 Pachuca_0_1
7746 20515 12924.679172285081 12932.078658187935 Pachuca_1_0
6204 16215 12967.16251057149 12974.561996474344 Shannon_0_0
6073 15531 16424.335121929646 16431.7346078325 Salem_1_0
5985 15443 16431.843740845085 16439.243226747938 Salem_0_0
6117 15575 16439.37021045398 16446.769696356834 Salem_1_1
6029 15487 16446.878238507667 16454.27772441052 Salem_0_1
5938 15222 16457.694907122783 16465.094393025636 Panjim_0_0
5784 14140 16538.155076026917 16545.55456192977 Indore_1_0
5739 14095 16545.73470449929 16553.134190402143 Indore_0_0
5879 14421 16555.19090500474 16562.590390907593 Kanpur_1_0
5833 14375 16562.75470959349 16570.154195496343 Kanpur_0_0
5444 13030 16571.164353574884 16578.563839477738 Baroda_1_0
5356 12942 16578.76108640053 16586.160572303383 Baroda_0_0
5488 13074 16586.38810944694 16593.787595349793 Baroda_1_1
5400 12986 16593.983720104046 16601.3832060069 Baroda_0_1
8191 22172 16611.01032499825 16618.409810901103 Karachi_0_0
5680 13438 16767.198160529137 16774.59764643199 Chandigarh_1_0
5631 13389 16774.67719419316 16782.076680096012 Chandigarh_0_0
8342 22323 16783.341786497273 16790.741272400126 Lahore_1_0
8241 22222 16790.854133547477 16798.25361945033 Lahore_0_0
8393 22374 16798.37774204308 16805.777227945935 Lahore_1_1
8291 22272 16805.889568373666 16813.28905427652 Lahore_0_1
7217 19005 16995.970032334328 17003.36951823718 Almaty_1_0
7099 18887 17003.42964746065 17010.829133363502 Almaty_0_0
7276 19064 17010.888151266347 17018.2876371692 Almaty_1_1
7158 18946 17018.347591386322 17025.747077289176 Almaty_0_1
15400 42326 18375.385222941637 18382.78470884449 Ironton_1_0
15335 42261 18382.85431617671 18390.253802079562 Ironton_0_0
1361 3611 18426.187372679397 18433.58685858225 Calgary_1_0
1288 3538 18434.003780374383 18441.403266277237 Calgary_0_0
13629 39099 18472.914039034364 18480.313524937217 Denver_1_1
13529 38999 18480.50764318235 18487.907129085204 Denver_0_1
13579 39049 18488.193858044924 18495.593343947778 Denver_1_0
13479 38949 18495.785898095597 18503.18538399845 Denver_0_0
16950 47748 18517.221343583176 18524.62082948603 Salt Lake City_1_1
16852 47650 18525.09845325464 18532.497939157493 Salt Lake City_0_1
16901 47699 18533.149489632757 18540.54897553561 Salt Lake City_1_0
16802 47600 18541.025469645258 18548.42495554811 Salt Lake City_0_0
7514 20103 18725.74561163783 18733.145097540684 Matamoros_0_0
7318 19148 21992.90343219042 22000.30291809327 Lilongwe_0_0
7360 19190 22000.32111149205 22007.720597394902 Lilongwe_0_1
6341 16789 22607.79755976796 22615.197045670815 Lod_0_0
2508 7305 22630.086041120398 22637.48552702325 Alexandria_0_0
2557 7354 22637.5989680407 22644.998453943554 Alexandria_0_1
6395 17038 22662.858696204225 22670.258182107078 Migdal Haemek_0_0
6445 17088 22670.4223948278 22677.821880730655 Migdal Haemek_0_1
11813 33010 22735.295023679733 22742.694509582587 Ankara_0_0
11971 33168 22769.23087966442 22776.630365567275 Istanbul_1_0
11866 33063 22777.043802489425 22784.44328839228 Istanbul_0_0
12024 33221 22785.01921624967 22792.418702152525 Istanbul_1_1
11918 33115 22792.833786809773 22800.233272712627 Istanbul_0_1
9019 24607 22837.344356954098 22844.74384285695 Otopeni_0_0
9081 24669 22844.896821821232 22852.296307724086 Otopeni_0_1
703 1202 22971.372883737087 22978.77236963994 Graz_1_0
638 1137 22978.875531094993 22986.275016997846 Graz_0_0
6517 17632 23115.657410144806 23123.05689604766 Milan_0_0
6647 17762 23123.10197354441 23130.501459447263 Milan_1_0
6582 17697 23130.507038956945 23137.906524859798 Milan_0_1
6712 17827 23137.952152192272 23145.351638095126 Milan_1_1
9219 25208 23150.529352725454 23157.928838628308 Senec_1_0
9152 25141 23158.067239369204 23165.466725272057 Senec_0_0
4864 12217 23169.685151628568 23177.08463753142 Stuttgart_0_0
4932 12285 23177.13802027954 23184.537506182394 Stuttgart_0_1
4786 11457 23184.60055174517 23192.000037648024 Mannheim_0_0
4200 10295 23192.342572380887 23199.74205828374 Frankfurt_1_0
4273 10368 23199.80095714131 23207.200443044163 Frankfurt_1_1
3370 9326 23210.664504398734 23218.063990301587 Berlin_1_0
3296 9252 23218.17825511429 23225.577741017143 Berlin_0_0
4563 10810 23227.63659884757 23235.036084750423 Hannover_1_0
4417 10664 23235.1135858743 23242.513071777154 Hannover_0_0
4490 10737 23242.590043198525 23249.989529101378 Hannover_0_1
3447 9403 23250.16474602417 23257.564231927023 Bremen_0_0
2458 7255 23261.328505050493 23268.727990953346 Hvidovre_1_0
2374 7171 23268.853864400615 23276.25335030347 Hvidovre_0_0
11058 31242 23277.620529612417 23285.02001551527 Gothenburg_1_0
10880 31064 23285.155949401407 23292.55543530426 Gothenburg_0_0
11148 31332 23292.834960546254 23300.234446449107 Gothenburg_1_1
10969 31153 23300.371749352114 23307.771235254968 Gothenburg_0_1
1362 3612 24219.916137576103 24227.315623478957 Calgary_1_0
1289 3539 24227.373031556097 24234.77251745895 Calgary_0_0
12115 33661 24254.50643367596 24261.905919578814 Aberdeen_0_0
9863 27817 27547.03396075964 27554.433446662493 Welkom_0_0
7849 21039 27588.14886122942 27595.548347132273 Maputo_0_0
7894 21082 27595.629462077686 27603.02894798054 Maputo_0_1
9268 25392 27612.769441673023 27620.168927575876 Bedfordview_0_0
9676 27534 27620.441847557886 27627.84133346074 Roodepoort_1_0
9768 27625 27628.417378633 27635.816864535853 Spartan_0_0
9583 27442 27636.890818089185 27644.29030399204 Roodepoort_0_0
9314 25437 27645.199305086517 27652.59879098937 Bedfordview_0_1
9486 27138 27657.94899015805 27665.348476060903 Polokwane_1_0
10429 29984 28743.828384697437 28751.22787060029 Linares_1_0
10376 29931 28751.3559421809 28758.755428083754 Linares_0_0
10551 30429 28762.661328030983 28770.060813933836 Valencia_0_0
10257 29234 28775.581899448975 28782.981385351828 El Prat De Llobregat_1_0
10201 29178 28783.30388473592 28790.703370638774 El Prat De Llobregat_0_0
10090 29069 28798.764586190566 28806.16407209342 Coslada_0_0
3019 8704 28830.060335722967 28837.45982162582 Nice_0_0
3082 8767 28837.63794576081 28845.037431663663 Nice_0_1
6583 17698 28852.498696665352 28859.898182568206 Milan_0_1
4343 10438 28861.42263807892 28868.822123981772 Freiburg_0_0
4933 12286 28873.19741008016 28880.596895983013 Stuttgart_0_1
4787 11458 28881.945326218713 28889.344812121566 Mannheim_0_0
4201 10296 28890.83308931453 28898.232575217382 Frankfurt_1_0
4274 10369 28898.368649751283 28905.768135654136 Frankfurt_1_1
5210 12560 28909.175676871197 28916.57516277405 Troisdorf-Spich_1_0
11059 31243 28948.374691992998 28955.77417789585 Gothenburg_1_0
10970 31154 28955.92852237523 28963.328008278084 Gothenburg_0_1
8026 21727 31593.827825546265 31601.227311449118 Auckland_0_0
8139 21900 31603.57880397107 31610.978289873925 Hamilton_0_1
8083 21844 31611.15346277565 31618.5529486785 Hamilton_0_0
6205 16216 31634.58153894757 31641.98102485042 Shannon_0_0
12116 33662 31647.278601726557 31654.67808762941 Aberdeen_0_0
10430 29985 34587.28676319122 34594.68624909408 Linares_1_0
10377 29932 34594.84859554537 34602.248081448226 Linares_0_0
10552 30430 34646.27439785004 34653.67388375289 Valencia_0_0
8901 24379 34663.51180523747 34670.91129114032 Vila Franca Xira_1_0
8789 24267 34671.24337922967 34678.642865132526 Vila Franca Xira_0_0
8957 24435 34679.04095812118 34686.44044402403 Vila Franca Xira_1_1
8845 24323 34686.77022165469 34694.16970755754 Vila Franca Xira_0_1
10091 29070 34701.96786692444 34709.36735282729 Coslada_0_0
10323 29878 34709.6448987549 34717.044384657755 Las Rozas_0_0
10023 28306 34717.61758483094 34725.0170707338 Alovera_0_0
10146 29123 34725.295379035044 34732.6948649379 Coslada_0_1
10258 29235 34736.325844929175 34743.72533083203 El Prat De Llobregat_1_0
10202 29179 34743.7936145439 34751.193100446755 El Prat De Llobregat_0_0
10607 30485 34760.95359746822 34768.353083371076 Vigo_0_0
10726 30604 34775.46410025345 34782.8635861563 Vitoria-Gasteiz_0_0
10665 30543 34789.919528581246 34797.3190144841 Vigo_0_1
10787 30665 34804.385987648326 34811.78547355118 Vitoria-Gasteiz_0_1
10493 30159 34812.646639063816 34820.04612496667 Santander_0_0
12406 33952 34864.40474283695 34871.804228739806 Aylesford_1_1
12262 33808 34871.87236508133 34879.27185098419 Aylesford_0_1
12558 34402 34880.30544012361 34887.70492602646 Birmingham_1_0
12484 34328 34887.791356123795 34895.19084202665 Birmingham_0_0
6282 16293 34900.57294842654 34907.97243432939 Shannon_0_1
574 1073 37472.70816078782 37480.107646690674 Sydney_0_1
522 1021 37480.27500495963 37487.67449086248 Sydney_0_0
210 416 37630.217043966055 37637.61652986891 Adelaide_1_1
106 312 37637.717665669574 37645.11715157243 Adelaide_0_1
158 364 37645.27068513443 37652.67017103728 Adelaide_1_0
54 260 37652.77221123648 37660.17169713933 Adelaide_0_0
417 717 37717.747986389724 37725.14747229258 Derrimut_1_1
366 666 37725.149361401454 37732.54884730431 Derrimut_1_0
315 615 37732.624709947166 37740.02419585002 Derrimut_0_1
264 564 37740.026347438 37747.42583334085 Derrimut_0_0
6829 18466 42271.94537469745 42279.3448606003 Narita_0_1
6776 18413 42279.43988844144 42286.839374344294 Narita_0_0
7039 18778 42287.91382139683 42295.313307299686 Tokyo_1_1
6935 18674 42295.72109886826 42303.12058477111 Tokyo_0_1
6987 18726 42303.61669570962 42311.016181612475 Tokyo_1_0
6883 18622 42311.426800185545 42318.8262860884 Tokyo_0_0
211 417 43425.066311597824 43432.46579750068 Adelaide_1_1
107 313 43432.66039505305 43440.0598809559 Adelaide_0_1
159 365 43440.28098120608 43447.680467108934 Adelaide_1_0
55 261 43447.87393590433 43455.273421807186 Adelaide_0_0
470 969 43507.60511753009 43515.00460343294 Perth_0_0
12742 36208 45271.96096265316 45279.36044855601 Montevideo_1_0
12634 36100 45279.60713838545 45287.006624288304 Montevideo_0_0
12796 36262 45287.29490201887 45294.69438792172 Montevideo_1_1
12688 36154 45294.94264089229 45302.34212679514 Montevideo_0_1
1052 2812 45381.73277622461 45389.13226212747 Paranagua_0_0
1002 2670 45391.95843207655 45399.3579179794 Curitiba_0_0
1149 2958 45429.492995649576 45436.89248155243 Rio De Janeiro_1_0
1101 2910 45437.17201402754 45444.5714999304 Rio De Janeiro_0_0
906 2574 45453.60742428675 45461.0069101896 Campinas_0_0
954 2622 45461.14379168369 45468.54327758654 Campinas_0_1
17462 49479 46596.19548165798 46603.594967560835 West Columbia_0_0
17514 49531 46603.62960246467 46611.029088367526 West Columbia_0_1
16031 44153 46626.01647089016 46633.41595679301 Medford_0_0
1218 3468 46644.56172255937 46651.96120846222 Brampton_0_0
1429 4645 48135.28569543362 48142.68518133647 Beijing_0_0
9968 28253 48176.102350030385 48183.50183593324 Seoul_1_0
9920 28207 48183.82995930122 48191.22944520407 Seoul_0_0
2122 5525 48208.53413450479 48215.933620407646 Qingdao_1_1
2013 5416 48216.52397092143 48223.92345682428 Qingdao_0_1
2067 5470 48224.68396339612 48232.083449298974 Qingdao_1_0
1959 5362 48232.674929590685 48240.07441549354 Qingdao_0_0
2222 5625 48255.15544107556 48262.55492697842 Shanghai_0_1
2172 5575 48262.71615076684 48270.115636669696 Shanghai_0_0
1905 5308 48277.996720314026 48285.39620621688 Ningbo_1_1
1807 5210 48285.927047526384 48293.32653342924 Ningbo_0_1
1856 5259 48294.010586223216 48301.41007212607 Ningbo_1_0
1757 5160 48301.9390773632 48309.33856326605 Ningbo_0_0
1527 4792 48390.279969632626 48397.67945553548 Chongqing_1_0
1478 4743 48397.82151318299 48405.22099908585 Chongqing_0_0
11396 32384 48442.10022293248 48449.499708835334 Nankan_1_0
11348 32336 48450.0850065366 48457.48449243946 Nankan_0_0
11580 32658 48463.47014556998 48470.86963147284 Taipei_0_1
2274 6144 48482.25455273387 48489.65403863673 Xiamen_0_0
1707 5110 48506.362326403156 48513.76181230601 Guangzhou_1_1
1663 5066 48513.87098241298 48521.27046831583 Guangzhou_1_0
8560 22624 48555.14543558346 48562.54492148631 Manila_1_1
8478 22542 48562.8966899639 48570.29617586675 Manila_0_1
8519 22583 48570.734935280976 48578.13442118383 Manila_1_0
8437 22501 48578.48391510983 48585.88340101268 Manila_0_0
471 970 49322.79298996925 49330.19247587211 Perth_0_0
12743 36209 51210.253583192825 51217.65306909568 Montevideo_1_0
12635 36101 51217.73572510161 51225.13521100446 Montevideo_0_0
12797 36263 51225.2614907285 51232.660976631356 Montevideo_1_1
12689 36155 51232.7428778303 51240.14236373315 Montevideo_0_1
7747 20516 52241.18210452795 52248.581590430804 Pachuca_1_0
7656 20425 52248.67525531785 52256.074741220706 Pachuca_0_0
7793 20562 52256.20078364286 52263.600269545714 Pachuca_1_1
7702 20471 52263.694650215795 52271.09413611865 Pachuca_0_1
17110 48674 52314.76970901697 52322.16919491982 Tampa_1_0
17013 48577 52322.641014604626 52330.04050050748 Tampa_0_0
17159 48723 52330.608050802744 52338.0075367056 Tampa_1_1
17061 48625 52338.47641741931 52345.875903322165 Tampa_0_1
7610 20379 52388.87007787251 52396.269563775364 Monterrey_1_0
13882 39474 52434.5882017443 52441.98768764715 Edison_0_0
14037 39823 52442.73104494552 52450.13053084837 Edwardsville_0_1
15215 41947 52452.42311057554 52459.82259647839 Huntsville_1_0
16567 45958 52463.38903289397 52470.78851879682 New Johnsonville_1_0
13420 38403 52486.806366929675 52494.20585283253 Columbus_1_0
13371 38354 52494.51918327597 52501.91866917882 Columbus_0_0
13006 37175 52509.02431224153 52516.42379814438 Carmel_0_1
15455 42567 52520.99775738655 52528.3972432894 Joliet_0_0
15401 42327 52540.598127551326 52547.99761345418 Ironton_1_0
15336 42262 52548.46139857353 52555.86088447638 Ironton_0_0
1363 3613 52735.7321549952 52743.13164089806 Calgary_1_0
1290 3540 52743.20067825054 52750.600164153395 Calgary_0_0
1528 4793 54254.17093530297 54261.570421205826 Chongqing_1_0
1479 4744 54261.69089158366 54269.090377486515 Chongqing_0_0
5311 12811 54318.215628534555 54325.61511443741 Ahmedabad_0_1
5263 12763 54325.69875161359 54333.098237516446 Ahmedabad_0_0
5581 13252 54421.707053899765 54429.10653980262 Calcultta_0_1
5536 13209 54429.140561225315 54436.54004712817 Calcultta_0_0
6118 15576 54641.858519762754 54649.25800566561 Salem_1_1
6030 15488 54649.39376975727 54656.79325566012 Salem_0_1
6074 15532 54656.95262434415 54664.352110247004 Salem_1_0
5986 15444 54664.48864335416 54671.888129257015 Salem_0_0
6206 16217 54677.88253944227 54685.28202534512 Shannon_0_0
12117 33663 54693.27607134348 54700.67555724634 Aberdeen_0_0
7748 20517 58032.08316728473 58039.48265318758 Pachuca_1_0
7657 20426 58039.64399775396 58047.04348365682 Pachuca_0_0
7794 20563 58047.22899964153 58054.62848554438 Pachuca_1_1
7703 20472 58054.78895068502 58062.18843658787 Pachuca_0_1
7463 19778 58066.22163581826 58073.62112172112 Aguascalientes_1_0
7419 19735 58073.89899829323 58081.298484196086 Aguascalientes_0_0
7611 20380 58113.857299894094 58121.25678579695 Monterrey_1_0
7565 20334 58121.43168446909 58128.831170371945 Monterrey_0_0
7515 20104 58137.215755931575 58144.61524183443 Matamoros_0_0
14184 39970 58178.89955791831 58186.299043821164 Elgin_1_0
14086 39872 58186.88321450551 58194.28270040837 Elgin_0_0
14233 40019 58195.00676774681 58202.406253649664 Elgin_1_1
14135 39921 58202.98780474349 58210.387290646344 Elgin_0_1
16679 46362 58214.45145772484 58221.850943627695 Phoenix_0_0
16732 46415 58222.00868103941 58229.40816694227 Phoenix_0_1
17663 49784 58248.515168562575 58255.91465446543 Wilmington_0_0
15509 42825 58256.25445010016 58263.653936003015 Lakewood_0_0
13158 37525 58263.958586498135 58271.35807240099 Carson_0_0
13208 37575 58271.48804266258 58278.887528565436 Carson_0_1
16803 47601 58324.15325334668 58331.552739249535 Salt Lake City_0_0
16853 47651 58331.68177642931 58339.08126233216 Salt Lake City_0_1
1364 3614 58489.87500011921 58497.27448602206 Calgary_1_0
1291 3541 58497.64478395246 58505.044269855316 Calgary_0_0
7277 19065 59907.307415127754 59914.70690103061 Almaty_1_1
7159 18947 59915.13068937745 59922.530175280306 Almaty_0_1
7218 19006 59923.126230101145 59930.525716004 Almaty_1_0
7100 18888 59930.948039610375 59938.34752551323 Almaty_0_0
8394 22375 60110.058612406254 60117.45809830911 Lahore_1_1
8292 22273 60117.87751104614 60125.276996949 Lahore_0_1
8343 22324 60125.83010873205 60133.229594634904 Lahore_1_0
8242 22223 60133.64675799714 60141.0462439 Lahore_0_0
5681 13439 60147.04430440195 60154.4437903048 Chandigarh_1_0
5632 13390 60154.722856946646 60162.1223428495 Chandigarh_0_0
8192 22173 60235.84944045544 60243.24892635829 Karachi_0_0
5880 14422 60268.76573216915 60276.165218072005 Kanpur_1_0
5834 14376 60276.498611214214 60283.89809711707 Kanpur_0_0
5489 13075 60286.121201573544 60293.5206874764 Baroda_1_1
5401 12987 60293.92487132094 60301.32435722379 Baroda_0_1
5445 13031 60301.839517869485 60309.23900377234 Baroda_1_0
5357 12943 60309.64075933993 60317.04024524278 Baroda_0_0
5785 14141 60319.4575364713 60326.857022374155 Indore_1_0
5740 14096 60327.204835994366 60334.60432189722 Indore_0_0
5939 15223 60397.37069258094 60404.77017848379 Panjim_0_0
12025 33222 66080.7226857543 66088.12217165716 Istanbul_1_1
11919 33116 66088.1867378041 66095.58622370697 Istanbul_0_1
11972 33169 66095.65093848805 66103.05042439091 Istanbul_1_0
11867 33064 66103.11519639089 66110.51468229375 Istanbul_0_0
11814 33011 66112.52350685354 66119.9229927564 Ankara_0_0
6446 17089 66123.05849264804 66130.4579785509 Migdal Haemek_0_1
6396 17039 66130.48778703054 66137.8872729334 Migdal Haemek_0_0
6342 16790 66138.46648858393 66145.86597448679 Lod_0_0
2558 7355 66211.91179794073 66219.31128384359 Alexandria_0_1
2509 7306 66219.31874914988 66226.71823505274 Alexandria_0_0
7362 19192 66802.67225030065 66810.0717362035 Lilongwe_0_1
7320 19150 66810.22918204805 66817.6286679509 Lilongwe_0_0
9533 27184 66971.39922606945 66978.79871197231 Polokwane_1_1
9440 27092 66979.35154570438 66986.75103160724 Polokwane_0_1
9487 27139 66987.4524823908 66994.85196829366 Polokwane_1_0
9394 27046 66995.40683544957 67002.80632135243 Polokwane_0_0
7895 21083 67016.38506310861 67023.78454901147 Maputo_0_1
7850 21040 67023.941323225 67031.34080912785 Maputo_0_0
9815 27671 67047.20921733142 67054.60870323428 Spartan_0_1
9315 25438 67054.81075455673 67062.2102404596 Bedfordview_0_1
9724 27582 67062.51361604998 67069.91310195284 Roodepoort_1_1
9631 27490 67070.38951987337 67077.78900577623 Roodepoort_0_1
9769 27626 67078.91142589912 67086.31091180198 Spartan_0_0
9269 25393 67086.51381698468 67093.91330288754 Bedfordview_0_0
9677 27535 67094.21811354939 67101.61759945225 Roodepoort_1_0
9584 27443 67102.09630650333 67109.49579240619 Roodepoort_0_0
9864 27818 67111.08883657827 67118.48832248113 Welkom_0_0
11150 31334 71600.53060793877 71607.93009384163 Gothenburg_1_1
10971 31155 71608.03361098703 71615.43309688989 Gothenburg_0_1
11060 31244 71615.54198625407 71622.94147215693 Gothenburg_1_0
10882 31066 71623.04557705556 71630.44506295842 Gothenburg_0_0
2460 7257 71634.9534586072 71642.35294451006 Hvidovre_1_0
2376 7173 71642.47050812394 71649.8699940268 Hvidovre_0_0
3681 9637 71709.48380663991 71716.88329254277 Bremen_1_1
3526 9482 71716.96936925402 71724.36885515688 Bremen_0_1
8722 23470 71737.74590074833 71745.14538665119 Warsaw_0_1
3603 9559 71758.43615649283 71765.83564239569 Bremen_1_0
3449 9405 71765.92208743969 71773.32157334255 Bremen_0_0
8645 23393 71786.79588057216 71794.19536647502 Warsaw_0_0
3372 9328 71804.41017663498 71811.80966253784 Berlin_1_0
3298 9254 71811.9548901706 71819.35437607346 Berlin_0_0
4639 10886 71821.85929938602 71829.25878528888 Hannover_1_1
4492 10739 71829.35582123896 71836.75530714182 Hannover_0_1
4565 10812 71836.85542961588 71844.25491551874 Hannover_1_0
4419 10666 71844.3524054577 71851.75189136056 Hannover_0_0
3982 9935 71852.85237204305 71860.25185794591 Dortmund_1_1
3831 9787 71860.3290290443 71867.72851494716 Dortmund_0_1
3906 9859 71867.80429622694 71875.2037821298 Dortmund_1_0
4275 10370 71875.83152097148 71883.23100687434 Frankfurt_1_1
4202 10297 71883.23316256536 71890.63264846822 Frankfurt_1_0
4788 11459 71890.83582563986 71898.23531154272 Mannheim_0_0
5069 12422 71898.75336681306 71906.15285271592 Stuttgart_1_1
4934 12287 71906.25347889992 71913.65296480278 Stuttgart_0_1
9221 25210 71922.49885368213 71929.898339585 Senec_1_0
9154 25143 71930.17350266685 71937.57298856971 Senec_0_0
705 1204 71939.92524356546 71947.32472946832 Graz_1_0
2559 7356 71993.28525940415 72000.68474530701 Alexandria_0_1
2510 7307 72000.7598912777 72008.15937718056 Alexandria_0_0
8084 21845 74939.92192667723 74947.32141258009 Hamilton_0_0
8140 21901 74947.32996999082 74954.72945589368 Hamilton_0_1
8027 21728 74962.70188307762 74970.10136898048 Auckland_0_0
11151 31335 77439.10074347258 77446.50022937544 Gothenburg_1_1
10972 31156 77446.76802924965 77454.16751515251 Gothenburg_0_1
11061 31245 77454.6455750288 77462.04506093166 Gothenburg_1_0
10883 31067 77462.31152397775 77469.71100988062 Gothenburg_0_0
2461 7258 77477.4951890409 77484.89467494376 Hvidovre_1_0
2377 7174 77485.13114561138 77492.53063151424 Hvidovre_0_0
8723 23471 77547.7431704402 77555.14265634306 Warsaw_0_1
8646 23394 77555.22292253883 77562.62240844169 Warsaw_0_0
3373 9329 77568.4160361413 77575.81552204415 Berlin_1_0
3299 9255 77576.0012231059 77583.40070900875 Berlin_0_0
3682 9638 77590.56614281262 77597.96562871548 Bremen_1_1
3527 9483 77598.27132591419 77605.67081181705 Bremen_0_1
3604 9560 77606.16647502345 77613.56596092631 Bremen_1_0
3450 9406 77613.87017444553 77621.2696603484 Bremen_0_0
4640 10887 77623.76459788582 77631.16408378868 Hannover_1_1
4493 10740 77631.4373834262 77638.83686932905 Hannover_0_1
4566 10813 77639.28433899967 77646.68382490253 Hannover_1_0
4420 10667 77646.95543691743 77654.35492282029 Hannover_0_0
3983 9936 77657.41283219967 77664.81231810253 Dortmund_1_1
3832 9788 77665.14301282848 77672.54249873135 Dortmund_0_1
4276 10371 77676.59223348141 77683.99171938427 Frankfurt_1_1
4203 10298 77684.1553113335 77691.55479723636 Frankfurt_1_0
4935 12288 77693.18460517327 77700.58409107613 Stuttgart_0_1
4345 10440 77701.87962583074 77709.2791117336 Freiburg_0_0
6715 17830 77713.44687448411 77720.84636038697 Milan_1_1
6520 17635 77720.94186280665 77728.34134870951 Milan_0_0
2890 8376 77736.103666311 77743.50315221386 Lyon_0_0
3021 8706 77749.89072131069 77757.29020721355 Nice_0_0
2760 8175 77776.91578317656 77784.31526907942 Bordeaux_1_0
10666 30544 77804.17168229945 77811.57116820231 Vigo_0_1
10608 30486 77811.63071540705 77819.03020130991 Vigo_0_0
12118 33664 77863.5103078706 77870.90979377346 Aberdeen_0_0
6207 16218 77872.67752066605 77880.07700656891 Shannon_0_0
8085 21846 80759.56242313981 80766.96190904267 Hamilton_0_0
8141 21902 80767.05172348775 80774.45120939061 Hamilton_0_1
8028 21729 80775.20928213 80782.60876803286 Auckland_0_0
523 1022 80922.84169179201 80930.24117769487 Sydney_0_0
575 1074 80930.25555186825 80937.65503777111 Sydney_0_1
6988 18727 82021.50959518552 82028.90908108838 Tokyo_1_0
6777 18414 82029.65307739482 82037.05256329768 Narita_0_0
6884 18623 82038.05583895817 82045.45532486103 Tokyo_0_0
7040 18779 82045.81919880735 82053.21868471021 Tokyo_1_1
6830 18467 82053.9680427687 82061.36752867156 Narita_0_1
6936 18675 82062.37801343192 82069.77749933478 Tokyo_0_1
11152 31336 83414.17986729741 83421.57935320027 Gothenburg_1_1
11062 31246 83422.37212985754 83429.7716157604 Gothenburg_1_0
10973 31157 83429.85643896254 83437.2559248654 Gothenburg_0_1
10884 31068 83437.31148625628 83444.71097215914 Gothenburg_0_0
12408 33954 83529.17743849754 83536.5769244004 Aylesford_1_1
12560 34404 83537.79263135794 83545.1921172608 Birmingham_1_0
12264 33810 83546.3578851819 83553.75737108476 Aylesford_0_1
12486 34330 83554.99173903237 83562.39122493523 Birmingham_0_0
12336 33882 83563.73007457117 83571.12956047403 Aylesford_1_0
12191 33737 83571.17886818592 83578.57835408878 Aylesford_0_0
10667 30545 83690.01094672084 83697.4104326237 Vigo_0_1
10609 30487 83697.46232311484 83704.8618090177 Vigo_0_0
8959 24437 83782.58944410086 83789.98893000372 Vila Franca Xira_1_1
8847 24325 83790.05369556768 83797.45318147054 Vila Franca Xira_0_1
8903 24381 83797.55847417309 83804.95796007595 Vila Franca Xira_1_0
8791 24269 83805.0220648381 83812.42155074095 Vila Franca Xira_0_0
1150 2959 84743.85169866681 84751.25118456967 Rio De Janeiro_1_0
1102 2911 84751.88384523733 84759.28333114019 Rio De Janeiro_0_0
955 2623 84771.16191785094 84778.5614037538 Campinas_0_1
907 2575 84778.6693370013 84786.06882290416 Campinas_0_0
1053 2813 84820.86648729444 84828.2659731973 Paranagua_0_0
1003 2671 84829.7328449138 84837.13233081666 Curitiba_0_0
12798 36264 85022.99160668254 85030.3910925854 Montevideo_1_1
12690 36156 85030.54414967883 85037.94363558169 Montevideo_0_1
12744 36210 85038.16796342483 85045.56744932769 Montevideo_1_0
12636 36102 85045.72177424082 85053.12126014369 Montevideo_0_0
