7975 21679 1647.242846339941 1654.6423322427952 Auckland_0_0
8086 21847 1656.0769185735012 1663.4764044763554 Hamilton_0_1
8030 21791 1663.6039931965447 1671.0034790993989 Hamilton_0_0
8143 21959 1676.4203729954136 1683.8198588982677 Napier_1_0
8142 21903 1684.2312949097613 1691.6307808126155 Napier_0_0
8145 22070 1701.2563426494598 1708.655828552314 Wellington_0_1
8144 22012 1708.8011753250719 1716.200661227926 Wellington_0_0
8029 21730 1749.1825748980045 1756.5820608008587 Christchurch_0_0
9318 25531 3410.336398333311 3417.735884236165 Cape Town_0_0
9319 25584 3417.8832013108067 3425.2826872136607 Cape Town_1_0
9328 26008 3450.17863458395 3457.578120486804 George_0_0
9329 26061 3457.621578457879 3465.021064360733 George_0_1
9817 27723 3506.6591270267963 3514.0586129296503 Vaal_0_0
9816 27672 3580.1636739969254 3587.5631598997793 Upington_0_0
10035 28855 4549.83839532733 4557.237881230184 Cadiz_1_0
10497 30269 4563.6480394899845 4571.047525392839 Sevilla_1_0
10498 30323 4571.150301097636 4578.54978700049 Sevilla_1_1
10325 29880 4583.893084652543 4591.292570555397 Linares_0_0
10037 28964 4595.596776935749 4602.996262838604 Cartagena_0_1
8732 23990 4621.738279245114 4629.137765147969 Lisboa_0_0
8733 24046 4629.2916283272225 4636.691114230077 Lisboa_0_1
8731 23934 4637.749310484582 4645.148796387436 Alverca do Ribatejo_1_1
10499 30377 4663.797209409463 4671.196695312317 Valencia_0_0
10030 28582 4674.7348760161685 4682.134361919023 Azuqueca De Henares_1_1
10789 30667 4685.456183571808 4692.855669474662 Zaragoza_0_0
10268 29706 4705.912045038583 4713.311530941437 La Coruna_1_0
10260 29237 4713.402450652644 4720.801936555498 Ferrol_0_0
10261 29297 4720.920782690347 4728.320268593201 Ferrol_0_1
10148 29125 4744.021915324277 4751.421401227131 El Prat De Llobregat_0_0
10433 30044 4751.522616401849 4758.922102304703 Rubi_1_0
10264 29462 4762.667361046412 4770.066846949267 Irun_0_0
10026 28364 4774.100393780641 4781.499879683495 Argentona_1_0
2697 8112 4783.763895731226 4791.16338163408 Bordeaux_1_0
2958 8577 4791.823252797256 4799.22273870011 Nantes_1_0
3085 8770 4802.476537947706 4809.87602385056 Roissy Cdg Cedex_0_0
12409 33955 4814.465319448423 4821.864805351277 Barry_0_0
12581 35904 4823.644466879899 4831.043952782753 Southampton_0_0
6208 16219 4840.371780451162 4847.771266354016 Shannon_0_1
12568 34932 4857.955492534428 4865.354978437283 Heathrow_0_0
12580 35829 4865.618527336696 4873.018013239551 Reading_1_1
12192 33738 4873.981175752528 4881.380661655382 Aylesford_0_1
6130 15990 4887.88839086877 4895.287876771625 Dublin_0_0
12573 35301 4899.780005578131 4907.179491480985 Manchester_0_0
11156 31593 4912.746683537517 4920.1461694403715 Berne_0_1
2956 8442 4920.190733916996 4927.59021981985 Mulhouse_0_0
854 2140 4928.712395913243 4936.111881816098 SCHOTEN_1_0
855 2213 4936.113374976638 4943.512860879492 SCHOTEN_1_1
7969 21231 4943.601488323253 4951.000974226107 Rotterdam_0_0
7897 21159 4951.440698043433 4958.840183946288 Eindhoven_0_0
6453 17378 4960.0282242202875 4967.427710123142 Malpensa_0_1
11157 31658 4967.44102831418 4974.840514217034 Zurich_0_0
5141 12491 4975.327378832429 4982.726864735283 Troisdorf-Spich_1_0
11159 31792 4983.264483264802 4990.663969167656 Zurich_1_0
3758 9714 4991.170510686399 4998.569996589254 Dortmund_0_1
3833 9789 4998.629265223693 5006.028751126548 Dortmund_1_0
3908 9861 5006.0338754736495 5013.433361376504 Dortmund_1_1
3986 10081 5013.80645262949 5021.205938532345 Frankfurt_0_0
4059 10154 5021.211065462103 5028.610551364957 Frankfurt_0_1
4132 10227 5028.663820398627 5036.063306301481 Frankfurt_1_0
4204 10299 5036.068531897272 5043.468017800126 Frankfurt_1_1
3374 9330 5043.58092217252 5050.980408075375 Bremen_0_0
3451 9407 5050.9871383403815 5058.386624243236 Bremen_0_1
3528 9484 5058.439227715741 5065.838713618596 Bremen_1_0
3605 9561 5065.845528529451 5073.245014432306 Bremen_1_1
213 466 7427.3818553984165 7434.781341301271 Brisbane_1_0
212 418 7435.083703508508 7442.483189411362 Brisbane_0_0
524 1023 7526.861289083958 7534.260774986812 Sydney_0_1
472 971 7534.371731814338 7541.7712177171925 Sydney_0_0
421 871 7645.489407211542 7652.8888931143965 Melbourne_1_1
420 820 7652.962745900391 7660.362231803246 Melbourne_1_0
419 769 7660.579857760218 7667.9793436630725 Melbourne_0_1
367 667 7667.9968464198255 7675.39633232268 Derrimut_1_1
418 718 7675.486453370171 7682.8859392730255 Melbourne_0_0
316 616 7682.903612747872 7690.3030986507265 Derrimut_1_0
265 565 7690.51569234522 7697.915178248074 Derrimut_0_1
214 514 7697.986416472702 7705.385902375557 Derrimut_0_0
8087 21848 7761.294036788227 7768.693522691081 Hamilton_0_1
8031 21792 7768.6944500910195 7776.093935993874 Hamilton_0_0
6778 18415 12326.838797360659 12334.238283263512 Narita_0_1
6725 18362 12334.270653610523 12341.670139513377 Narita_0_0
6989 18728 12342.195723476474 12349.595209379328 Tokyo_1_1
6885 18624 12349.795121907287 12357.194607810141 Tokyo_0_1
6937 18676 12357.423991948013 12364.823477850867 Tokyo_1_0
6833 18572 12365.024576344535 12372.424062247388 Tokyo_0_0
6832 18520 12410.076515108347 12417.4760010112 Osaka_0_1
6831 18468 12417.485541527825 12424.885027430679 Osaka_0_0
56 262 13421.919899225235 13429.319385128088 Adelaide_0_1
160 366 13429.716997737187 13437.11648364004 Adelaide_1_1
4 210 13437.430086272778 13444.829572175631 Adelaide_0_0
108 314 13445.224446752893 13452.623932655746 Adelaide_1_0
266 566 13500.314944505692 13507.714430408545 Derrimut_0_1
368 668 13507.861780267658 13515.261266170512 Derrimut_1_1
215 515 13515.392202811292 13522.791688714145 Derrimut_0_0
317 617 13522.938271973717 13530.33775787657 Derrimut_1_0
525 1024 13577.171560972929 13584.571046875782 Sydney_0_1
12691 36157 15345.960385352373 15353.359871255227 Montevideo_1_0
12583 36049 15353.480318739745 15360.879804642598 Montevideo_0_0
12745 36211 15361.012154084834 15368.411639987688 Montevideo_1_1
12637 36103 15368.532653884178 15375.932139787032 Montevideo_0_1
1054 2814 15382.393197646781 15389.792683549635 Porto Alegre_0_0
2 105 15397.519698980113 15404.919184882967 Buenos Aires_1_0
3 157 15404.925179403632 15412.324665306485 Buenos Aires_1_1
0 0 15412.419081209804 15419.818567112658 Buenos Aires_0_0
1 53 15419.824204066255 15427.223689969109 Buenos Aires_0_1
1006 2766 15443.614813263424 15451.014299166278 Paranagua_0_0
956 2624 15453.230070554018 15460.629556456872 Curitiba_0_0
1153 3054 15472.424408483083 15479.823894385936 Santos_1_0
1151 2960 15480.473215568727 15487.87270147158 Santos_0_0
1154 3100 15488.673496098028 15496.072982000882 Santos_1_1
1152 3007 15496.724132364092 15504.123618266945 Santos_0_1
1155 3146 15505.183650810588 15512.583136713441 Sao Paulo_0_0
1103 2912 15526.99919046573 15534.398676368584 Rio De Janeiro_1_0
1055 2864 15534.97467872278 15542.374164625633 Rio De Janeiro_0_0
1004 2672 15555.539586929923 15562.939072832776 Guarulhos_0_0
1156 3193 15563.466950880496 15570.86643678335 Sao Paulo_0_1
1005 2719 15571.543179108521 15578.942665011375 Guarulhos_0_1
860 2528 15580.773821003524 15588.173306906378 Campinas_0_0
908 2576 15588.316532193325 15595.716018096178 Campinas_0_1
1158 3284 15634.550596535206 15641.95008243806 Viracopos_1_0
1157 3240 15642.27001938451 15649.669505287364 Viracopos_0_0
15979 44101 16578.564841151237 16585.96432705409 Medford_0_0
14952 41439 16587.576776789818 16594.97626269267 Hebron_1_0
14849 41336 16595.14023637477 16602.539722277623 Hebron_0_0
1365 3615 16616.221462991056 16623.62094889391 Cambridge_0_0
14900 41387 16637.215848402306 16644.61533430516 Hebron_0_1
16735 46517 16645.023436043022 16652.422921945876 Plainville_1_0
16135 44358 16652.49593847012 16659.895424372975 Meriden_0_1
16733 46416 16659.975807609342 16667.375293512196 Plainville_0_0
16960 48168 16668.569416623115 16675.96890252597 Springfield Gardens_0_0
13934 39624 16676.38565461712 16683.785140519973 Edison Executive_1_0
16752 47449 16685.202200932108 16692.60168683496 Salisbury_1_0
16753 47500 16692.68324815671 16700.082734059564 Salisbury_1_1
14333 40264 16702.4067818739 16709.806267776752 Folcroft_1_0
14332 40213 16709.907989986055 16717.30747588891 Folcroft_0_0
15663 42979 16717.587290733623 16724.986776636477 Lansdale_1_1
12909 36978 16725.269053463824 16732.668539366678 Breinigsville_0_0
12910 37029 16732.727306829118 16740.12679273197 Breinigsville_0_1
1376 4296 16744.149735879615 16751.54922178247 Montreal_0_1
13732 39202 16756.911567468633 16764.311053371486 Dulles_1_0
13782 39252 16764.35626104673 16771.755746949584 Dulles_1_1
16746 47152 16772.222216233222 16779.621702136075 Richmond_0_1
17517 49586 16780.02365833326 16787.423144236112 Whitakers_1_0
1377 4358 16788.60831265323 16796.007798556082 Niagara Falls_0_0
1378 4418 16796.060145438012 16803.459631340866 Niagara Falls_0_1
1371 3994 16803.520427169096 16810.91991307195 Markham_0_0
1372 4054 16810.974154801646 16818.3736407045 Markham_0_1
1374 4175 16818.574483556728 16825.97396945958 Mississauga_1_0
1373 4116 16826.04671284957 16833.446198752423 Mississauga_0_0
1161 3411 16833.46613024161 16840.865616144463 Brampton_0_0
14331 40164 16881.047897989767 16888.44738389262 Fairlawn_1_0
16199 45047 16888.67346372777 16896.072949630623 Middleburg Heights_1_1
16198 44998 16896.188410125258 16903.58789602811 Middleburg Heights_1_0
16197 44950 16903.922410819952 16911.321896722806 Middleburg Heights_0_1
14330 40115 16911.548433339016 16918.94791924187 Fairlawn_0_0
2223 5626 18111.79685217142 18119.196338074275 Shenyang_0_0
1530 4840 18163.661630272865 18171.06111617572 Dalian_0_1
9869 28006 18188.125150322652 18195.524636225506 Incheon_1_1
9867 27914 18196.092655166525 18203.49214106938 Incheon_0_1
1529 4794 18219.88801842694 18227.287504329794 Dalian_0_0
9868 27959 18244.42626348244 18251.825749385294 Incheon_1_0
9866 27867 18252.394237983317 18259.79372388617 Incheon_0_0
9921 28208 18262.32087355044 18269.720359453295 Seoul_1_0
9872 28161 18270.275761141405 18277.67524704426 Seoul_0_0
1381 4597 18306.202482239732 18313.601968142586 Beijing_0_0
2227 5813 18315.541020509943 18322.940506412797 Tianjin_0_0
9871 28107 18357.951213275894 18365.350699178747 Pusan_0_1
2068 5471 18393.502206067984 18400.901691970837 Qingdao_1_1
1960 5363 18401.32269180804 18408.722177710893 Qingdao_0_1
2014 5417 18409.23645129728 18416.635937200135 Qingdao_1_0
1906 5309 18417.059846498363 18424.459332401217 Qingdao_0_0
6886 18625 18467.823380655518 18475.22286655837 Tokyo_0_1
6990 18729 18475.32133167698 18482.720817579833 Tokyo_1_1
6834 18573 18482.76851982447 18490.168005727322 Tokyo_0_0
6938 18677 18490.2655907678 18497.665076670655 Tokyo_1_0
6726 18363 18497.863370031948 18505.2628559348 Narita_0_0
2278 6301 18546.295015145926 18553.69450104878 Zhangjiagang_0_1
2277 6249 18553.804498853668 18561.20398475652 Zhangjiagang_0_0
2123 5526 18565.005354167664 18572.404840070518 Shanghai_0_0
2226 5762 18575.385678933373 18582.785164836227 Suzhou_0_1
2225 5711 18582.901076137052 18590.300562039905 Suzhou_0_0
2280 6405 18604.78743640673 18612.186922309582 Zhengzhou_0_1
2279 6353 18612.20805417367 18619.607540076522 Zhengzhou_0_0
1758 5161 18638.17132609122 18645.570811994072 Ningbo_0_1
1808 5211 18646.310752258418 18653.71023816127 Ningbo_1_0
11349 32337 18656.440320309925 18663.839806212778 Nankan_1_0
1531 4886 18666.507296846685 18673.90678274954 Fuzhou_0_0
11536 32614 18682.880404314532 18690.279890217385 Taipei_0_1
11256 32244 18691.192814301372 18698.592300204225 Linkou_0_1
11164 32063 18698.763549654755 18706.16303555761 Dayuan_1_1
11162 31972 18706.821067155175 18714.22055305803 Dayuan_0_1
11716 32794 18714.662565413233 18722.062051316087 Teiyuan_0_1
11491 32569 18723.17475337338 18730.574239276233 Taipei_0_0
11211 32199 18731.489879226872 18738.889365129726 Linkou_0_0
11581 32659 18738.93429216168 18746.333778064534 Taoyuan_0_0
11671 32749 18746.333778064534 18753.733263967388 Teiyuan_0_0
11398 32431 18755.739000967802 18763.138486870655 Taichung_0_1
11397 32385 18763.284028728365 18770.68351463122 Taichung_0_0
2233 6103 18779.74283065677 18787.142316559624 Xiamen_0_0
11445 32523 18796.067352056893 18803.466837959746 Tainan_1_0
11399 32477 18804.11830478036 18811.517790683214 Tainan_0_0
11166 32154 18812.238752209414 18819.638238112268 Kaohsiung_0_0
1664 5067 18838.009431736245 18845.4089176391 Guangzhou_1_1
1576 4979 18845.645115964828 18853.04460186768 Guangzhou_0_1
5214 12606 18854.95590420939 18862.355390112243 Hong Kong_1_0
5213 12563 18862.640784792213 18870.040270695066 Hong Kong_0_0
8520 22584 18898.104031070146 18905.503516973 Manila_1_1
8397 22461 18906.045602983762 18913.445088886616 Manila_0_0
8396 22418 18926.862754595622 18934.262240498476 Cebu_0_0
17668 49958 18981.323815935593 18988.723301838447 Ho Chi Minh City_1_1
17667 49915 18988.743170111433 18996.142656014286 Ho Chi Minh City_1_0
17666 49872 18996.27705997308 19003.676545875933 Ho Chi Minh City_0_1
17665 49829 19003.695774111646 19011.0952600145 Ho Chi Minh City_0_0
6129 15950 19029.85592575731 19037.255411660164 Surabaya_1_1
6126 15830 19037.750359054287 19045.14984495714 Surabaya_0_0
7364 19234 19064.032223287813 19071.431709190667 Johor Bahru_1_0
6125 15788 19075.739650583328 19083.13913648618 Jakarta_1_1
9088 25037 19087.469004268936 19094.86849017179 Singapore_0_0
6123 15704 19098.97805389336 19106.377539796213 Jakarta_0_1
6122 15662 19106.42873698783 19113.828222890683 Jakarta_0_0
7363 19193 19118.062497987572 19125.461983890425 Johor Bahru_0_0
422 922 19310.751022160053 19318.150508062907 Perth_0_0
12584 36050 21180.40070015192 21187.800186054774 Montevideo_0_0
12692 36158 21187.96490964474 21195.364395547593 Montevideo_1_0
12638 36104 21195.454733033523 21202.854218936376 Montevideo_0_1
12746 36212 21203.017627270267 21210.41711317312 Montevideo_1_1
1380 4546 21245.78412516328 21253.183611066135 Santiago_0_0
8395 22376 21581.40301093459 21588.802496837445 Lima_0_0
2286 6669 21815.435104459524 21822.834590362378 Cali_0_0
2287 6710 21822.987877328203 21830.387363231057 Cali_0_1
2284 6585 21832.410527970445 21839.8100138733 Buenaventura_0_0
2285 6627 21839.961517702577 21847.36100360543 Buenaventura_0_1
2283 6545 21860.33148905908 21867.730974961934 Bogota_0_0
2290 6836 21872.39097792398 21879.790463826834 Medellin_0_0
2289 6794 21922.163001269102 21929.562487171956 Cartagena_1_0
2288 6751 21930.205923459154 21937.605409362008 Cartagena_0_0
16194 44807 22171.417521327734 22178.817007230587 Miami_1_0
16192 44712 22179.462660226174 22186.862146129028 Miami_0_0
16195 44854 22187.657334184274 22195.056820087128 Miami_1_1
16193 44759 22195.70054446743 22203.100030370282 Miami_0_1
14751 41191 22204.290062967106 22211.68954886996 Haverhill_0_0
17062 48626 22218.891802851813 22226.291288754666 Tampa_1_0
16967 48531 22226.92276940739 22234.322255310242 Tampa_0_0
17111 48675 22235.11588625924 22242.51537216209 Tampa_1_1
17014 48578 22243.14670766807 22250.546193570925 Tampa_0_1
16622 46064 22283.488898426294 22290.888384329148 North Charleston_1_0
12805 36574 22291.808291217985 22299.20777712084 Awendaw_0_1
14604 41045 22323.93330275862 22331.332788661475 Greenville_0_1
13936 39722 22336.282581085066 22343.68206698792 Edwardsville_0_0
16966 48477 22349.105053309573 22356.504539212427 Suwanee_0_1
17163 48880 22367.483768446982 22374.883254349836 Vance_0_0
17166 49038 22375.47485645005 22382.874342352905 Vance_1_1
17164 48933 22383.322226749133 22390.721712651986 Vance_0_1
17161 48776 22393.22783317313 22400.627319075982 Triana_0_0
15974 43856 22400.696908404527 22408.09639430738 Madison_0_0
17359 49283 22416.573576133967 22423.97306203682 W Columbia Span_0_0
16515 45906 22434.15541076389 22441.554896666745 New Johnsonville_1_0
13317 38061 22454.928765301087 22462.32825120394 Cincinnati_0_0
13783 39253 22481.855379582015 22489.25486548487 Dulles_1_1
12809 36731 22490.32600152491 22497.725487427764 Baltimore_0_0
12906 36828 22542.765956961262 22550.165442864116 Belleville_0_0
13210 37628 22550.55068755975 22557.950173462603 Charleston_1_0
13056 37225 22579.06354421045 22586.463030113304 Carmel_1_1
16961 48215 22599.59832298516 22606.997808888013 St. Louis_0_0
13316 38007 22614.945480853312 22622.344966756165 Chester_1_0
15613 42929 22670.08895090661 22677.488436809464 Lansdale_1_0
16404 45556 22708.27799006578 22715.677475968634 Monee_0_0
16204 45356 22728.274437482996 22735.67392338585 Moberly_0_0
14282 40067 22748.264543339825 22755.66402924268 Elk Grove Village_0_1
15714 43030 22769.413928725586 22776.81341462844 Laredo_0_0
14953 41440 22824.51057591679 22831.910061819643 Hebron_1_0
14901 41388 22832.031711279364 22839.431197182217 Hebron_0_1
15404 42422 22886.79363629736 22894.193122200213 Jamaica_1_0
15402 42328 22894.431713987917 22901.83119989077 Jamaica_0_0
15405 42470 22902.185538090464 22909.585023993317 Jamaica_1_1
15403 42375 22909.825385957218 22917.22487186007 Jamaica_0_1
15814 43248 22917.265076757165 22924.66456266002 Laurens_1_0
15812 43128 22924.896831593785 22932.29631749664 Laurens_0_0
15815 43307 22932.645490152187 22940.04497605504 Laurens_1_1
15813 43188 22940.278991349438 22947.67847725229 Laurens_0_1
13832 39302 22951.82398608982 22959.223471992675 Eagan_0_0
13833 39363 22959.371734187924 22966.771220090777 Eagan_0_1
1368 3820 22978.460968862288 22985.86045476514 Edmonton_1_0
1367 3742 22985.91388525428 22993.31337115713 Edmonton_0_0
1292 3542 22994.255069432245 23001.6545553351 Calgary_1_0
1220 3470 23001.69614007555 23009.095625978403 Calgary_0_0
1382 4598 24082.889785945415 24090.28927184827 Beijing_0_0
2228 5861 24119.83282673359 24127.232312636443 Tianjin_1_0
2276 6198 24155.419191122055 24162.81867702491 Xian_0_1
2275 6146 24162.909116357343 24170.308602260196 Xian_0_0
1430 4646 24214.560735851526 24221.96022175438 Chengdu_0_0
1431 4696 24238.853219926357 24246.25270582921 Chongqing_0_0
1480 4745 24246.51384781013 24253.913333712982 Chongqing_1_0
2230 5957 24281.178237766027 24288.57772366888 Wuhan_0_1
2232 6055 24288.66133366948 24296.060819572333 Wuhan_1_1
2229 5908 24296.105629275517 24303.50511517837 Wuhan_0_0
2231 6006 24303.587992062545 24310.9874779654 Wuhan_1_0
5691 13836 24367.423848062754 24374.823333965607 Gurgaon_1_1
5689 13740 24375.01114208657 24382.410627989422 Gurgaon_0_1
5690 13788 24382.626655062486 24390.02614096534 Gurgaon_1_0
5688 13692 24390.215016726946 24397.6145026298 Gurgaon_0_0
849 1802 24402.229688432784 24409.629174335638 Dhaka_1_1
847 1708 24409.94539749838 24417.344883401234 Dhaka_0_1
848 1755 24417.718514285814 24425.118000188668 Dhaka_1_0
846 1661 24425.436258594793 24432.835744497646 Dhaka_0_0
5264 12764 24437.108806909837 24444.50829281269 Ahmedabad_0_1
5216 12716 24444.536743617493 24451.936229520346 Ahmedabad_0_0
845 1618 24459.835811261102 24467.235297163956 Chittagong_0_0
17664 49785 24510.26436934269 24517.663855245544 Hanoi_0_0
11761 32839 24523.436511918666 24530.83599782152 Bangkok_0_0
11762 32880 24531.220133628096 24538.61961953095 Bangkok_1_0
11763 32922 24540.26673151206 24547.666217414913 Rayong_0_0
5537 13210 24598.578901566565 24605.97838746942 Calcultta_0_1
5492 13167 24605.989500671476 24613.38898657433 Calcultta_0_0
5886 14661 24613.799060795587 24621.19854669844 Mohali_1_0
1160 3370 24678.35700531657 24685.756491219425 Phnom Penh_1_0
7370 19481 24689.853903627238 24697.25338953009 Penang_0_1
7372 19565 24697.53508417461 24704.934570077465 Penang_1_1
7369 19439 24705.15232498025 24712.551810883102 Penang_0_0
7371 19523 24712.83166492406 24720.231150826912 Penang_1_0
7373 19607 24722.17703888663 24729.576524789485 Port Klang_0_0
7367 19357 24729.900477405365 24737.299963308218 Kuala Lumpur_0_0
7374 19649 24737.41053715169 24744.810023054542 Port Klang_1_0
7368 19398 24745.12417918569 24752.52366508854 Kuala Lumpur_1_0
7365 19275 24752.58241370246 24759.981899605315 Klia Sepang_0_0
7366 19316 24760.181240446273 24767.580726349126 Klia Sepang_1_0
10795 30937 24823.516352755163 24830.915838658017 Katunayaka_1_1
10794 30894 24830.932451374516 24838.33193727737 Katunayaka_1_0
10791 30765 24838.355962328038 24845.75544823089 Colombo_1_0
10793 30851 24845.885750417434 24853.285236320287 Katunayaka_0_1
10792 30808 24853.301335239026 24860.70082114188 Katunayaka_0_0
10790 30722 24860.724105351077 24868.12359125393 Colombo_0_0
7518 20197 28001.171724319458 28008.57121022231 Mexico City_1_0
7517 20151 28008.901564382235 28016.30105028509 Mexico City_0_1
7612 20381 28017.516977829328 28024.91646373218 Pachuca_0_0
7658 20427 28024.987270367485 28032.386756270338 Pachuca_0_1
7749 20518 28032.75742903531 28040.156914938165 Pachuca_1_1
7797 20648 28044.209542596534 28051.609028499388 Queretaro_1_0
7796 20606 28051.990797213988 28059.39028311684 Queretaro_0_1
7469 20013 28068.915574563383 28076.315060466237 Guadalajara_1_1
7467 19921 28076.971556588418 28084.37104249127 Guadalajara_0_1
7420 19736 28089.770093686093 28097.169579588946 Aguascalientes_1_0
7375 19691 28097.754113876697 28105.15359977955 Aguascalientes_0_0
7799 20732 28117.45853830959 28124.858024212444 Reynosa_0_0
7800 20777 28124.90635609738 28132.305842000234 Reynosa_0_1
15978 44055 28132.682992962214 28140.082478865068 McAllen_1_0
7470 20059 28161.09626784878 28168.495753751635 Matamoros_0_0
7465 19827 28169.03118818783 28176.430674090683 Chihuahua_1_0
16625 46215 28198.545587470002 28205.945073372855 Pflugerville_0_0
15056 41593 28208.438270562972 28215.837756465826 Humble_0_0
15057 41643 28215.857194715427 28223.25668061828 Humble_0_1
15976 43959 28242.040224343145 28249.439710246 Mayhill_1_0
15975 43908 28249.999089379642 28257.398575282496 Mayhill_0_0
16034 44156 28279.26191446185 28286.661400364705 Melville_0_0
14335 40367 28339.372186156295 28346.77167205915 Fontana_1_0
14344 40785 28399.32220857195 28406.721694474803 Grapevine_0_0
15270 42098 28458.810590946527 28466.21007684938 Independence_1_0
15271 42149 28466.30310374605 28473.702589648903 Independence_1_1
15269 42049 28473.916952747644 28481.316438650498 Independence_0_1
12802 36421 28534.015190673003 28541.414676575856 Augusta_0_0
13430 38853 28597.78922336246 28605.188709265312 Davenport_1_1
13319 38159 28607.074492571777 28614.47397847463 Colfax_1_0
15715 43031 28668.070110026645 28675.4695959295 Laredo_0_0
15764 43080 28675.556840501078 28682.95632640393 Laredo_1_0
16959 48121 28738.445417426687 28745.84490332954 South San Francisco_1_1
16956 47980 28746.030892192408 28753.43037809526 South San Francisco_0_0
16957 48027 28753.492655021666 28760.89214092452 South San Francisco_0_1
16202 45226 28782.29895317399 28789.698439076845 Missoula_1_0
16200 45095 28790.156724900116 28797.55621080297 Missoula_0_0
16203 45291 28798.20319721717 28805.602683120025 Missoula_1_1
16201 45160 28806.060934026267 28813.46041992912 Missoula_0_1
16737 46621 28831.08229272169 28838.481778624544 Portland_0_0
16738 46683 28838.585641091973 28845.985126994827 Portland_0_1
16741 46876 28847.631174180486 28855.03066008334 Puyallup_1_0
16739 46745 28855.23281864541 28862.632304548264 Puyallup_0_0
16742 46941 28862.956126710724 28870.355612613577 Puyallup_1_1
13213 37787 28871.803103019647 28879.2025889225 Chehalis_0_0
16740 46810 28880.446288728384 28887.845774631238 Puyallup_0_1
1293 3543 28908.668692809413 28916.068178712267 Calgary_1_0
1221 3471 28916.50859081559 28923.908076718442 Calgary_0_0
16954 47848 28944.151899859746 28951.5513857626 Seattle_0_0
16955 47914 28951.67440890621 28959.073894809062 Seattle_0_1
1379 4478 28959.245636376963 28966.645122279817 Vancouver_0_0
7219 19007 29934.944352298975 29942.34383820183 Almaty_1_1
7101 18889 29942.864327577456 29950.26381348031 Almaty_0_1
7160 18948 29950.951056872385 29958.35054277524 Almaty_1_0
7042 18830 29958.87326414438 29966.272750047232 Almaty_0_0
8243 22224 30134.623907327652 30142.023393230505 Lahore_0_1
8293 22274 30142.815640620614 30150.215126523468 Lahore_1_0
5884 14566 30155.82081342478 30163.220299327633 Ludhiana_0_1
5883 14517 30163.387335570325 30170.78682147318 Ludhiana_0_0
5584 13342 30174.126762072872 30181.526247975726 Chandigarh_0_0
5896 15131 30183.78403708466 30191.183522987514 Panipat_1_1
5894 15033 30191.713761342075 30199.113247244928 Panipat_0_1
5895 15082 30199.795442664465 30207.194928567318 Panipat_1_0
5893 14984 30207.723281689065 30215.122767591918 Panipat_0_0
5892 14936 30217.58237885448 30224.981864757334 Noida_1_0
5787 14190 30229.14358215903 30236.543068061885 Jaipur_0_1
5788 14238 30237.27017908293 30244.669664985784 Jaipur_1_0
5786 14142 30245.24068967682 30252.640175579672 Jaipur_0_0
5881 14423 30265.45791016256 30272.857396065414 Lucknow_0_0
5882 14470 30273.12565622634 30280.525142129194 Lucknow_1_0
12032 33484 30332.938206809347 30340.3376927122 Asghabat_1_0
8146 22127 30350.95978324686 30358.359269149714 Karachi_0_0
5446 13032 30379.158068045737 30386.55755394859 Baroda_1_1
5358 12944 30387.2427452828 30394.642231185655 Baroda_0_1
5835 14377 30400.0054266478 30407.404912550654 Kanpur_1_0
5790 14334 30408.057021314125 30415.45650721698 Kanpur_0_0
5402 12988 30419.320409985165 30426.719895888018 Baroda_1_0
5314 12900 30427.40555919877 30434.805045101624 Baroda_0_0
5741 14097 30439.05121353719 30446.450699440044 Indore_1_0
5696 14052 30447.11705204712 30454.516537949974 Indore_0_0
5265 12765 30479.241336553416 30486.64082245627 Ahmedabad_0_1
5538 13211 30489.309080619485 30496.70856652234 Calcultta_0_1
5217 12717 30499.410442931985 30506.80992883484 Ahmedabad_0_0
5493 13168 30509.459801878183 30516.859287781037 Calcultta_0_0
5888 14750 30535.026664554898 30542.42615045775 Nashik_0_0
5491 13120 30544.610133168575 30552.00961907143 Bhiwandi_0_0
5887 14707 30552.56029483009 30559.959780732945 Mumbai_0_0
5583 13298 30564.664860220113 30572.064346122967 Chakan_1_0
5582 13253 30572.66793442386 30580.06742032671 Chakan_0_0
5943 15358 30580.716654963366 30588.11614086622 Pune_1_1
5941 15269 30588.719102944342 30596.118588847195 Pune_0_1
5942 15314 30596.866107862224 30604.265593765078 Pune_1_0
5940 15224 30604.866412416457 30612.26589831931 Pune_0_0
5693 13926 30624.89120256594 30632.290688468795 Hyderabad_0_1
5695 14010 30632.56880614912 30639.968292051974 Hyderabad_1_1
5692 13884 30640.170129155733 30647.569615058586 Hyderabad_0_0
5694 13968 30647.8458405352 30655.245326438053 Hyderabad_1_0
5897 15181 30665.76686015497 30673.166346057824 Panjim_0_0
5490 13076 30681.657607275 30689.057093177853 Bellary_0_0
5312 12812 30691.312507607858 30698.71199351071 Bangalore_0_0
5313 12856 30698.980908404603 30706.380394307456 Bangalore_1_0
5683 13479 30709.480300852312 30716.879786755166 Chennai_0_1
5682 13440 30716.925646722608 30724.32513262546 Chennai_0_0
5988 15446 30726.450787281505 30733.85027318436 Salem_0_1
6076 15534 30734.082293881558 30741.48177978441 Salem_1_1
5944 15402 30741.654774020906 30749.05425992376 Salem_0_0
6032 15490 30749.28471472608 30756.684200628933 Salem_1_0
6121 15620 30757.91952490216 30765.319010805015 Tirupur_0_1
6120 15578 30765.38394607763 30772.783431980482 Tirupur_0_0
5685 13563 30774.29871791413 30781.698203816984 Cochin_0_1
5687 13649 30782.00403721919 30789.403523122044 Cochin_1_1
5684 13520 30789.635707891226 30797.03519379408 Cochin_0_0
5686 13606 30797.33901379665 30804.738499699502 Cochin_1_0
17616 49737 34228.407557070255 34235.80704297311 Wilmington_0_0
13110 37477 34235.8100970362 34243.20958293905 Carson_0_0
15967 43518 34243.24955650031 34250.649042403165 Long Beach_0_0
16952 47751 34251.20010410385 34258.59959000671 San Diego_0_0
15461 42777 34259.109845985935 34266.50933188879 Lakewood_0_0
15968 43568 34266.5710554797 34273.97054138255 Long Beach_1_0
13160 37527 34274.103721323205 34281.50320722606 Carson_0_1
13421 38405 34281.55462072989 34288.954106632744 Cudahy_0_0
16953 47800 34289.49179205817 34296.891277961025 San Diego_0_1
12799 36266 34297.27751871627 34304.67700461912 Anaheim_0_0
13423 38505 34304.72668460499 34312.12617050784 Cudahy_1_0
13422 38455 34312.21895188851 34319.61843779137 Cudahy_0_1
13427 38710 34322.57726772231 34329.97675362516 Davenport_0_0
12800 36316 34333.1763268654 34340.57581276826 Anaheim_1_0
13424 38555 34340.71523539543 34348.11472129828 Cudahy_1_1
13429 38806 34351.00828652991 34358.407772432765 Davenport_1_0
13428 38758 34358.55262081648 34365.952106719335 Davenport_0_1
16958 48075 34365.96172024581 34373.361206148664 South San Francisco_1_0
14334 40316 34376.71940364796 34384.11888955082 Fontana_0_0
15268 42001 34384.43706590742 34391.83655181027 Independence_0_0
13318 38110 34393.57253678564 34400.9720226885 Colfax_0_0
16743 47007 34401.832809494714 34409.23229539757 Reno_0_0
16744 47056 34409.24136757131 34416.640853474164 Reno_0_1
9085 24756 35758.75368779898 35766.15317370183 Moscow_0_1
9084 24672 35766.15686991927 35773.556355822126 Moscow_0_0
12031 33436 35950.403071165085 35957.80255706794 Asghabat_0_0
12033 33533 36172.521003872156 36179.92048977501 Dubai_0_0
6398 17041 36230.42453337867 36237.82401928152 Migdal Haemek_0_1
6348 16991 36237.83189756768 36245.231383470535 Migdal Haemek_0_0
7041 18780 36245.541104944066 36252.94059084692 Amman_0_0
6293 16691 36253.53619879857 36260.93568470142 Haifa_0_1
6292 16640 36260.94239021427 36268.34187611713 Haifa_0_0
6347 16941 36268.398129692054 36275.79761559491 Lod-Ben Gurion Airport_1_1
6346 16892 36275.80502275156 36283.20450865442 Lod-Ben Gurion Airport_1_0
6345 16842 36283.30266651355 36290.7021524164 Lod-Ben Gurion Airport_0_1
6344 16792 36290.709173951924 36298.10865985478 Lod-Ben Gurion Airport_0_0
6294 16742 36298.11109295362 36305.510578856476 Lod_0_0
6285 16296 36305.56118456612 36312.96067046897 Alenbi bridge_0_0
6448 17091 36312.96772574327 36320.367211646124 Rishon Lezion_0_0
6287 16395 36320.450074428576 36327.84956033143 Ashdod_0_1
6449 17141 36327.89115911844 36335.29064502129 Yavne_0_0
6286 16346 36335.32559985288 36342.72508575573 Ashdod_0_0
6291 16591 36343.086154815894 36350.48564071875 Eilat_1_1
6290 16542 36350.49509350326 36357.894579406115 Eilat_1_0
6289 16493 36358.001744035166 36365.40122993802 Eilat_0_1
6288 16444 36365.41024575606 36372.80973165891 Eilat_0_0
7321 19151 36856.68394574523 36864.08343164808 Lilongwe_0_1
7279 19109 36864.174360953926 36871.57384685678 Lilongwe_0_0
7278 19066 36875.76312759433 36883.16261349718 Blantyre_0_0
7804 20951 36926.95126134157 36934.350747244425 Beira_1_1
7802 20865 36934.88078884671 36942.280274749566 Beira_0_1
7803 20907 36942.94725155022 36950.346737453074 Beira_1_0
7801 20823 36950.87919050354 36958.27867640639 Beira_0_0
17671 50090 36967.986979397414 36975.38646530027 Harare_1_0
17670 50047 36975.651525120935 36983.05101102379 Harare_0_0
17669 50001 36987.160268306056 36994.55975420891 Lusaka_0_0
7851 21041 37031.57352313399 37038.97300903685 Maputo_0_1
9488 27140 37046.5247689752 37053.92425487805 Polokwane_1_1
7805 20995 37061.60807046279 37069.00755636564 Maputo_0_0
9395 27047 37076.94996946175 37084.3494553646 Polokwane_0_1
9441 27093 37084.690867204044 37092.0903531069 Polokwane_1_0
9349 27002 37092.3507797073 37099.75026561016 Polokwane_0_0
9342 26669 37103.27342911556 37110.67291501841 Nelspruit_0_1
9341 26622 37110.779929074444 37118.1794149773 Nelspruit_0_0
9865 27819 37121.206450366066 37128.60593626892 Witbank_0_0
9321 25683 37129.95130554535 37137.3507914482 Centurion_1_0
9327 25962 37137.58018393325 37144.9796698361 Gauteng_1_0
9333 26249 37145.162277118616 37152.56176302147 Greenstone_1_1
9340 26576 37152.572827484946 37159.9723133878 Midrand_1_0
9320 25637 37160.23601662786 37167.63550253071 Centurion_0_0
9770 27627 37167.76888122402 37175.16836712688 Spartan_0_1
9326 25918 37175.2586634797 37182.65814938255 Gauteng_0_0
9332 26203 37182.78789849291 37190.187384395766 Greenstone_1_0
9331 26158 37190.49500499753 37197.894490900384 Greenstone_0_1
9344 26764 37202.11616051251 37209.51564641536 Newcastle_1_0
9339 26531 37213.7480240046 37221.14750990745 Midrand_0_0
9270 25394 37221.15709090461 37228.55657680747 Bedfordview_0_1
9725 27583 37228.72290223431 37236.12238813716 Spartan_0_0
9343 26716 37239.84967261775 37247.2491585206 Newcastle_0_0
9330 26114 37251.0646571215 37258.46414302435 Greenstone_0_0
9338 26487 37258.523544674616 37265.92303057747 LINBRO PARK_0_0
9678 27536 37266.08309159841 37273.482577501265 Roodepoort_1_1
9325 25874 37273.720206584825 37281.11969248768 EDENVALE_0_0
9225 25350 37281.13893631733 37288.53842222018 Bedfordview_0_0
9632 27491 37288.68082909253 37296.080314995386 Roodepoort_1_0
9585 27444 37296.375184033735 37303.77466993659 Roodepoort_0_1
9335 26344 37304.1028255586 37311.50231146145 Johannesburg_0_0
9538 27397 37311.75610044065 37319.155586343506 Roodepoort_0_0
859 2480 37321.68689445762 37329.08638036047 Gaborone_1_0
9348 26956 37338.245947755786 37345.64543365864 Pietermaritzburg_1_1
9346 26859 37346.021164593716 37353.42065049657 Pietermaritzburg_0_1
9322 25728 37355.28796067119 37362.68744657404 Durban_0_0
9347 26908 37364.055570864984 37371.45505676784 Pietermaritzburg_1_0
858 2432 37380.88844392861 37388.287929831466 Gaborone_0_0
9345 26812 37397.34333421531 37404.74282011816 Pietermaritzburg_0_0
9818 27772 37411.71963279036 37419.11911869321 Welkom_0_0
9317 25485 37419.29216825368 37426.69165415654 Bloemfontein_0_1
9316 25439 37426.76350650381 37434.162992406666 Bloemfontein_0_0
9337 26438 37435.64994023435 37443.0494261372 Kimberley_1_0
9334 26295 37443.36143563824 37450.76092154109 Jetpark_0_0
9336 26389 37450.92148815805 37458.3209740609 Kimberley_0_0
9324 25826 37464.36688976131 37471.76637566416 East London_0_1
9323 25778 37471.87540065032 37479.274886553176 East London_0_0
9537 27344 37482.05544280262 37489.454928705476 Port Elizabeth_1_1
9536 27291 37489.54577305433 37496.94525895718 Port Elizabeth_1_0
9535 27238 37497.25491391674 37504.65439981959 Port Elizabeth_0_1
9534 27185 37504.74357524734 37512.14306115019 Port Elizabeth_0_0
9087 24939 41518.41310364008 41525.81258954293 St. Petersburg_1_0
9086 24840 41526.109061993455 41533.50854789631 St. Petersburg_0_0
2570 7889 41541.55657238611 41548.95605828896 Helsinki_0_1
2569 7793 41549.01034831391 41556.40983421676 Helsinki_0_0
11154 31432 41582.64776340127 41590.04724930412 Stockholm_0_1
11153 31337 41590.05478345125 41597.4542693541 Stockholm_0_0
8562 22704 41660.98360839486 41668.383094297715 Gdynia_0_1
11063 31247 41672.08564407299 41679.485129975845 Gothenburg_1_1
10885 31069 41679.54975946985 41686.94924537271 Gothenburg_0_1
10974 31158 41687.0076454896 41694.40713139245 Gothenburg_1_0
10796 30980 41694.471988597 41701.87147449985 Gothenburg_0_0
8569 23239 41706.04408219543 41713.443568098286 Tczew_1_0
8647 23395 41715.795525624286 41723.19501152714 Warsaw_0_1
8570 23318 41723.23048485418 41730.629970757036 Warsaw_0_0
8725 23546 41734.34644700209 41741.745932904945 Wroclaw_0_1
8726 23620 41741.889933022205 41749.28941892506 Wroclaw_1_0
3225 9181 41751.75497188375 41759.1544577866 Berlin_0_0
9224 25281 41763.40629232414 41770.805778227 Zilina_1_0
9223 25212 41770.978443465174 41778.37792936803 Zilina_0_0
5215 12649 41778.993366295705 41786.39285219856 Budapest_0_0
9089 25078 41788.18640794791 41795.585893850766 Senec_0_0
9022 24610 41811.87712587992 41819.27661178277 Otopeni_0_1
844 1548 41836.320825853865 41843.72031175672 Vienna_1_1
842 1409 41843.85419763705 41851.2536835399 Vienna_0_1
843 1478 41851.40067895113 41858.80016485399 Vienna_1_0
841 1340 41858.93478406196 41866.33426996481 Vienna_0_0
2292 6948 41868.27028196516 41875.669767868014 Pilsen_1_0
2291 6877 41875.760228050036 41883.15971395289 Pilsen_0_0
3452 9408 41884.94955250937 41892.34903841223 Bremen_0_1
3375 9331 41892.35571618698 41899.75520208984 Bremen_0_0
4794 11737 41900.664518214355 41908.06400411721 Munich_0_1
4793 11668 41908.06484118033 41915.46432708318 Munich_0_0
4792 11599 41915.74913519859 41923.14862110144 Muenster_0_1
4205 10300 41923.8564888447 41931.25597474755 Frankfurt_1_1
12029 33329 41962.203157715165 41969.60264361802 Izmir_1_0
4936 12289 42000.42622900854 42007.82571491139 Stuttgart_1_0
4800 12153 42007.882230607414 42015.28171651027 Stuttgart_0_0
4719 11390 42015.49168313116 42022.89116903401 Mannheim_0_0
6721 18109 42023.757342679826 42031.15682858268 Verona_0_0
6451 17252 42031.32119821876 42038.72068412161 Bologna_0_1
6450 17190 42038.72174387047 42046.12122977332 Bologna_0_0
6719 17992 42046.87002673381 42054.26951263667 Rome_1_1
6717 17885 42054.36786984819 42061.76735575104 Rome_0_1
6716 17831 42061.77260114708 42069.172087049934 Rome_0_0
6586 17701 42070.65341929688 42078.05290519974 Milan_1_0
6455 17506 42078.21354142595 42085.6130273288 Malpensa_1_1
6454 17442 42085.61576611854 42093.015252021396 Malpensa_1_0
6452 17315 42134.44009498613 42141.83958088898 Malpensa_0_0
6399 17042 42155.037991738005 42162.43747764086 Migdal Haemek_0_1
6349 16992 42162.5140221686 42169.913508071455 Migdal Haemek_0_0
2511 7308 42178.71168483352 42186.111170736374 Alexandria_0_1
6295 16743 42194.59979011975 42201.9992760226 Lod_0_0
2564 7551 42205.492330445835 42212.89181634869 Port Said_0_1
2462 7259 42217.75420436679 42225.153690269646 Alexandria_0_0
2563 7501 42230.11824892 42237.51773482285 Port Said_0_0
2561 7405 42238.668445266434 42246.06793116929 Cairo_0_0
2562 7453 42246.38754457306 42253.78703047591 Cairo_1_0
2566 7649 42254.049724917706 42261.44921082056 Sokhna_0_1
2568 7745 42261.77937043273 42269.17885633558 Sokhna_1_1
2565 7601 42269.405353911716 42276.80483981457 Sokhna_0_0
2560 7357 42276.80483981457 42284.20432571742 Auga_0_0
2567 7697 42284.53231070074 42291.931796603596 Sokhna_1_0
9819 27773 43073.19133043289 43080.590816335745 Welkom_0_0
9586 27445 43081.05944159198 43088.45892749483 Roodepoort_0_1
9539 27398 43088.46515271258 43095.864638615436 Roodepoort_0_0
9679 27537 43095.93326777469 43103.33275367755 Roodepoort_1_1
9633 27492 43103.33866775368 43110.73815365653 Roodepoort_1_0
11064 31248 47465.18812036514 47472.587606267996 Gothenburg_1_1
10886 31070 47472.94656587509 47480.346051777946 Gothenburg_0_1
10975 31159 47480.93207587856 47488.331561781415 Gothenburg_1_0
10797 30981 47488.69111652535 47496.0906024282 Gothenburg_0_0
2379 7176 47501.423414200544 47508.8229001034 Hvidovre_1_0
8564 22863 47519.92119785946 47527.320683762315 Gdynia_1_1
3607 9563 47549.039349108934 47556.43883501179 Bremen_1_1
3530 9486 47556.645399762696 47564.04488566555 Bremen_1_0
4568 10815 47567.01063469176 47574.41012059461 Hannover_1_1
12562 34478 47603.93588879995 47611.3353747028 Glasgow_0_0
7970 21306 47627.52201782995 47634.9215037328 Rotterdam_0_1
7898 21160 47638.14102286434 47645.5405087672 Eindhoven_0_0
12412 34180 47666.31450500051 47673.713990903365 Belfast_0_1
4648 11322 47698.96533847277 47706.364824375625 Koeln_0_0
5072 12425 47706.95696603874 47714.356451941596 Troisdorf-Spich_0_0
4206 10301 47719.55466768492 47726.95415358777 Frankfurt_1_1
4061 10156 47727.380190687196 47734.77967659005 Frankfurt_0_1
12338 33884 47755.88408572621 47763.283571629065 Aylesford_1_1
12120 33666 47763.51251478613 47770.912000688986 Aylesford_0_0
12567 34861 47773.119582334366 47780.51906823722 Havant_1_1
4869 12222 47806.915652620155 47814.31513852301 Stuttgart_0_1
12582 35977 47841.70253730925 47849.1020232121 Southampton_0_1
4801 12154 47876.68277698199 47884.08226288484 Stuttgart_0_0
775 1274 47894.74759564851 47902.14708155136 Linz_1_0
9090 25079 47905.73153239618 47913.131018299035 Senec_0_0
3154 8839 47945.78860638386 47953.18809228671 Roissy Cdg Cedex_0_1
4278 10373 47969.05783738973 47976.45732329258 Freiburg_0_0
6133 16144 48009.634634951195 48017.03412085405 Shannon_0_0
6457 17572 48056.37664706181 48063.77613296466 Milan_0_0
2827 8313 48076.0528021482 48083.452288051056 Lyon_0_0
2762 8177 48097.47862624764 48104.878112150494 Bordeaux_1_1
10265 29524 48107.16121179626 48114.56069769911 Irun_0_1
10435 30101 48118.44191959037 48125.84140549322 Santander_0_0
10729 30607 48128.095720659694 48135.49520656255 Vitoria-Gasteiz_0_1
10205 29182 48149.94387281985 48157.343358722705 El Prat De Llobregat_1_0
10027 28421 48171.914419420995 48179.31390532385 Azuqueca De Henares_0_0
10271 29828 48180.48857343076 48187.888059333614 Las Rozas_0_0
10262 29359 48188.23689555289 48195.63638145574 Getafe_0_0
10611 30489 48202.99778802695 48210.397273929804 Vigo_0_1
8734 24103 48210.65169474863 48218.051180651484 Porto_0_0
8793 24271 48218.180187310434 48225.57967321329 Vila Franca Xira_0_1
8849 24327 48225.76795991378 48233.16744581663 Vila Franca Xira_1_0
8729 23823 48233.39841094887 48240.79789685172 Alverca do Ribatejo_0_1
8730 23879 48240.98509951887 48248.38458542172 Alverca do Ribatejo_1_0
8737 24215 48248.50864088101 48255.90812678386 Vila Franca Xira_0_0
8728 23767 48255.951006282565 48263.35049218542 Alverca do Ribatejo_0_0
10034 28802 48267.29855835672 48274.698044259574 Cadiz_0_0
8032 21793 50769.19492030144 50776.59440620429 Hamilton_0_0
8088 21849 50776.738283712526 50784.13776961538 Hamilton_0_1
7977 21681 50784.882992982864 50792.28247888572 Auckland_0_0
473 972 51064.40008544922 51071.79957135207 Sydney_0_0
526 1025 51121.55511952175 51128.9546054246 Sydney_0_1
6727 18364 52095.99083262682 52103.39031852967 Narita_0_0
6780 18417 52103.45508837838 52110.854574281235 Narita_0_1
6939 18678 52111.29173091593 52118.691216818785 Tokyo_1_0
6991 18730 52118.75274650301 52126.15223240586 Tokyo_1_1
6835 18574 52126.3410876418 52133.74057354465 Tokyo_0_0
6887 18626 52133.801026277084 52141.20051217994 Tokyo_0_1
12036 33582 53394.32265916467 53401.72214506752 Aberdeen_0_0
10887 31071 53408.73323264987 53416.132718552726 Gothenburg_0_1
11065 31249 53416.17791446291 53423.577400365764 Gothenburg_1_1
10798 30982 53423.60414383023 53431.00362973308 Gothenburg_0_0
10976 31160 53431.04818967928 53438.44767558213 Gothenburg_1_0
12411 34103 53447.2550742577 53454.654560160554 Belfast_0_0
12574 35379 53465.537937402725 53472.93742330558 Manchester_1_0
6131 16069 53476.55424184862 53483.953727751476 Dublin_1_0
2296 7093 53492.659522375936 53500.05900827879 Hvidovre_0_0
2380 7177 53500.09461831521 53507.494104218065 Hvidovre_1_0
12576 35530 53510.95109703017 53518.350582933024 Northampton_1_0
12561 34407 53519.29921070002 53526.69869660287 Earls Colne_0_0
12577 35606 53527.36963255566 53534.76911845851 Reading_0_0
12579 35756 53534.86612759874 53542.26561350159 Reading_1_0
7896 21086 53544.402423559965 53551.80190946282 Amsterdam_0_0
7973 21531 53551.81227341075 53559.211759313606 Schiphol-Rijk_0_0
7974 21607 53559.26844504603 53566.66793094888 Schiphol-Rijk_1_0
12121 33667 53568.09258757765 53575.492073480505 Aylesford_0_0
12267 33813 53575.57445489413 53582.97394079698 Aylesford_1_0
12565 34717 53583.70342958612 53591.10291548898 Havant_0_1
3454 9410 53593.966792299696 53601.36627820255 Bremen_0_1
12564 34645 53604.14687003641 53611.54635593927 Havant_0_0
12572 35230 53611.89841670609 53619.297902608945 Littlehampton_1_0
852 1996 53621.162835728916 53628.56232163177 SCHOTEN_0_0
7899 21161 53628.808291842695 53636.20777774555 Eindhoven_0_0
2825 8242 53637.501005796876 53644.90049169973 Le Havre_0_0
850 1851 53646.096310344474 53653.49579624733 Houdeng-Goegnies_0_0
3760 9716 53654.0549805863 53661.45446648915 Dortmund_0_1
3685 9641 53661.503434610015 53668.90292051287 Dortmund_0_0
4423 10670 53674.94117285742 53682.34065876027 Hannover_0_1
3835 9791 53688.41955912051 53695.81904502337 Dortmund_1_0
3985 10011 53695.90043637344 53703.299922276296 Duesseldorf_1_0
4569 10816 53709.43993551454 53716.8394214174 Hannover_1_1
4649 11323 53723.06159742545 53730.4610833283 Koeln_0_0
3155 8840 53731.21305079604 53738.61253669889 Roissy Cdg Cedex_0_1
3087 8772 53738.66715767268 53746.066643575534 Roissy Cdg Cedex_0_0
4496 10743 53751.47550770677 53758.87499360962 Hannover_1_0
2957 8512 53763.25656292065 53770.656048823505 Nantes_0_0
10266 29586 53773.425801890226 53780.82528779308 La Coruna_0_0
2636 8051 53784.74892049524 53792.1484063981 Bordeaux_0_1
10612 30490 53795.87354832699 53803.273034229846 Vigo_0_1
2763 8178 53807.05919164133 53814.458677544186 Bordeaux_1_1
10556 30434 53818.16314659324 53825.56263249609 Vigo_0_0
2573 7988 53829.25457401959 53836.654059922446 Bordeaux_0_0
10436 30102 53837.60014942034 53844.99963532319 Santander_0_0
8735 24160 53847.21751225453 53854.616998157384 Porto_0_1
10730 30608 53857.493543298566 53864.89302920142 Vitoria-Gasteiz_0_1
10670 30548 53864.9423483395 53872.341834242354 Vitoria-Gasteiz_0_0
8906 24384 53874.502769981715 53881.90225588457 Vila Franca Xira_1_1
8738 24216 53881.96059724778 53889.360083150634 Vila Franca Xira_0_0
8850 24328 53889.48411833067 53896.883604233524 Vila Franca Xira_1_0
10272 29829 53899.148628806026 53906.54811470888 Las Rozas_0_0
10095 29074 53906.64732857765 53914.046814480505 Coslada_0_1
10263 29412 53914.08205498805 53921.481540890905 Getafe_0_1
10033 28749 53921.63428064155 53929.0337665444 Cabanillas del Campo_0_0
10040 29021 53929.10717171527 53936.50665761813 Coslada_0_0
10029 28530 53936.65111697091 53944.050602873765 Azuqueca De Henares_1_0
10496 30217 53944.48314127368 53951.882627176536 Sevilla_0_1
10327 29882 53952.70590479278 53960.10539069564 Linares_0_0
1104 2913 54799.04690057039 54806.446386473246 Rio De Janeiro_1_0
1056 2865 54806.767242180664 54814.16672808352 Rio De Janeiro_0_0
909 2577 54851.94610404968 54859.345589952536 Campinas_0_1
861 2529 54859.40119764342 54866.80068354627 Campinas_0_0
1007 2767 54906.56769618392 54913.96718208677 Paranagua_0_0
957 2625 54920.92060878873 54928.32009469158 Curitiba_0_0
12747 36213 55143.590072363615 55150.98955826647 Montevideo_1_1
12693 36159 55151.03197937985 55158.4314652827 Montevideo_1_0
12585 36051 55158.50844649791 55165.90793240076 Montevideo_0_0
12639 36105 55165.9496290428 55173.34911494565 Montevideo_0_1
318 618 56707.99615070224 56715.39563660509 Derrimut_1_0
216 516 56715.951105924294 56723.35059182715 Derrimut_0_0
369 669 56724.070093256 56731.46957915885 Derrimut_1_1
267 567 56732.02672718812 56739.42621309097 Derrimut_0_1
474 973 56769.7494392395 56777.148925142355 Sydney_0_0
109 315 56813.930355817836 56821.32984172069 Adelaide_1_0
5 211 56821.69665577564 56829.09614167849 Adelaide_0_0
161 367 56829.539035717076 56836.93852161993 Adelaide_1_1
57 263 56837.30784192285 56844.7073278257 Adelaide_0_1
8480 22544 57714.0852240026 57721.48470990545 Manila_1_0
8521 22585 57721.5204560293 57728.91994193215 Manila_1_1
8398 22462 57729.0780721277 57736.47755803055 Manila_0_0
8439 22503 57736.512445322944 57743.9119312258 Manila_0_1
11167 32155 57815.07206735015 57822.471553253 Kaohsiung_0_0
11446 32524 57822.62083639024 57830.020322293094 Tainan_1_0
11400 32478 57830.17355404368 57837.57303994653 Tainan_0_0
11492 32570 57839.786577245046 57847.1860631479 Taipei_0_0
11537 32615 57847.254709069224 57854.65419497208 Taipei_0_1
11163 32019 57854.962420559845 57862.3619064627 Dayuan_1_0
11582 32660 57862.46932296241 57869.86880886526 Taoyuan_0_0
11672 32750 57869.86880886526 57877.26829476812 Teiyuan_0_0
11212 32200 57877.35151195727 57884.75099786012 Linkou_0_0
11627 32705 57884.76815724378 57892.16764314663 Taoyuan_0_1
11717 32795 57892.16764314663 57899.56712904949 Teiyuan_0_1
11161 31927 57899.72405933362 57907.12354523647 Dayuan_0_0
11257 32245 57907.36438857245 57914.763874475306 Linkou_0_1
11165 32109 57915.13973078602 57922.53921668887 Guanyin_0_0
11350 32338 57923.20882672755 57930.6083126304 Nankan_1_0
11302 32290 57930.77788324328 57938.177369146135 Nankan_0_0
2234 6104 57940.24521897996 57947.64470488281 Xiamen_0_0
1809 5212 57953.60163319782 57961.00111910067 Ningbo_1_0
1709 5112 57961.258531786334 57968.65801768919 Ningbo_0_0
1858 5261 57969.00657453733 57976.40606044018 Ningbo_1_1
1759 5162 57976.6652918189 57984.06477772175 Ningbo_0_1
2124 5527 57984.624254139824 57992.02374004268 Shanghai_0_0
2174 5577 57992.119204926144 57999.518690829 Shanghai_0_1
9870 28054 58023.77520028749 58031.174686190345 Pusan_0_0
6836 18575 58054.623061378705 58062.02254728156 Tokyo_0_0
6940 18679 58062.177893113476 58069.57737901633 Tokyo_1_0
6888 18627 58069.71334506061 58077.112830963466 Tokyo_0_1
6992 18731 58077.26735875145 58084.666844654304 Tokyo_1_1
9922 28209 58112.37565841084 58119.775144313695 Seoul_1_0
9873 28162 58120.340896140326 58127.74038204318 Seoul_0_0
6728 18365 58156.37597949512 58163.77546539797 Narita_0_0
6781 18418 58163.79199241531 58171.191478318164 Narita_0_1
2015 5418 58218.14548097185 58225.5449668747 Qingdao_1_0
1907 5310 58225.82387144018 58233.223357343035 Qingdao_0_0
2069 5472 58233.61369362839 58241.01317953124 Qingdao_1_1
1961 5364 58241.2940073437 58248.69349324655 Qingdao_0_1
910 2578 60773.3502548933 60780.74974079616 Campinas_0_1
958 2626 60781.98998811029 60789.38947401314 Curitiba_0_0
862 2530 60790.640052415874 60798.03953831873 Campinas_0_0
1008 2768 60798.74489273049 60806.14437863334 Paranagua_0_0
12640 36106 60874.50312036276 60881.90260626561 Montevideo_0_1
12748 36214 60882.16526391151 60889.564749814366 Montevideo_1_1
12586 36052 60889.7826136826 60897.18209958545 Montevideo_0_0
12694 36160 60897.44306244257 60904.84254834543 Montevideo_1_0
423 923 62750.06901574135 62757.4685016442 Perth_0_0
6128 15911 63154.29007643461 63161.689562337466 Surabaya_1_0
6127 15872 63162.26170710064 63169.66119300349 Surabaya_0_1
6124 15747 63209.90089148283 63217.30037738568 Jakarta_1_0
1159 3330 63485.04694285989 63492.44642876274 Phnom Penh_0_0
8399 22463 63576.55644837022 63583.95593427307 Manila_0_0
8440 22504 63583.974209913795 63591.37369581665 Manila_0_1
8481 22545 63591.470118262565 63598.86960416542 Manila_1_0
8522 22586 63598.88727287465 63606.2867587775 Manila_1_1
2281 6458 63638.94461065531 63646.34409655816 Zhongshan_0_0
2282 6502 63646.40273716918 63653.80222307203 Zhongshan_0_1
2224 5669 63655.12237410064 63662.52186000349 Shenzhen_0_0
1533 4936 63663.88579094764 63671.285276850496 Guangzhou_0_0
1621 5024 63671.60445621144 63679.003942114294 Guangzhou_1_0
1577 4980 63679.26496417209 63686.664450074946 Guangzhou_0_1
1665 5068 63686.98162030397 63694.38110620683 Guangzhou_1_1
2235 6105 63711.84308484197 63719.24257074482 Xiamen_0_0
11168 32156 63720.67058226228 63728.070068165136 Kaohsiung_0_0
11401 32479 63728.11462705004 63735.51411295289 Tainan_0_0
11447 32525 63735.61621490935 63743.015700812204 Tainan_1_0
1481 4746 63765.87228377501 63773.27176967786 Chongqing_1_0
1432 4697 63773.87448924986 63781.27397515271 Chongqing_0_0
11303 32291 63804.70797735169 63812.10746325454 Nankan_0_0
11351 32339 63812.20462176745 63819.604107670304 Nankan_1_0
11673 32751 63820.17742474157 63827.57691064442 Teiyuan_0_0
11583 32661 63827.57691064442 63834.976396547274 Taoyuan_0_0
11628 32706 63834.98471112578 63842.38419702863 Taoyuan_0_1
11718 32796 63842.38419702863 63849.783682931484 Teiyuan_0_1
11213 32201 63849.79772064499 63857.19720654784 Linkou_0_0
11258 32246 63857.20537448009 63864.60486038294 Linkou_0_1
11493 32571 63864.7024407855 63872.10192668835 Taipei_0_0
11538 32616 63872.10964624788 63879.509132150735 Taipei_0_1
1710 5113 63908.88445648551 63916.28394238836 Ningbo_0_0
1760 5163 63916.288758872666 63923.68824477552 Ningbo_0_1
2125 5528 63933.13784259558 63940.53732849843 Shanghai_0_0
2175 5578 63940.54148503628 63947.94097093913 Shanghai_0_1
1383 4599 63963.6560382545 63971.05552415735 Beijing_0_0
1908 5311 63973.58686813712 63980.986354039975 Qingdao_0_0
1962 5365 63980.98953665728 63988.389022560135 Qingdao_0_1
2016 5419 63988.457422171094 63995.85690807395 Qingdao_1_0
2070 5473 63995.859852226684 64003.25933812954 Qingdao_1_1
1366 3681 65466.61627101898 65474.015756921835 Cambridge_1_0
1375 4236 65495.487197968956 65502.88668387181 Montreal_0_0
15981 44103 65535.25402209163 65542.65350799449 Medford_0_0
16750 47347 65550.53493958712 65557.93442548998 Salisbury_0_0
14851 41338 65561.47863282223 65568.87811872509 Hebron_0_0
16134 44309 65570.14480909875 65577.54429500161 Meriden_0_0
15665 42981 65583.46172759928 65590.86121350214 Lansdale_1_1
15614 42930 65590.97380161699 65598.37328751985 Lansdale_1_0
15512 42828 65598.82459603764 65606.2240819405 Lansdale_0_0
1370 3947 65619.34027368718 65626.73975959004 Leamington_0_1
13683 39153 65635.28500276209 65642.68448866495 Dulles_0_1
16749 47297 65651.94477683111 65659.34426273397 Romulus_0_0
14340 40626 65661.07277783132 65668.47226373418 Grand Rapids_0_0
15870 43420 65672.30899676109 65679.70848266395 Little Hocking_0_0
12960 37129 65688.09102588892 65695.49051179178 Carmel_0_1
14283 40068 65696.56820690104 65703.9676928039 Elk Grove Village_0_1
14235 40021 65703.96944641214 65711.368932315 Elk Grove Village_0_0
16405 45607 65711.59193134085 65718.99141724371 Monee_1_0
13212 37735 65726.20545180854 65733.6049377114 Charlotte_1_0
15407 42519 65741.07199991973 65748.47148582259 Joliet_0_0
15972 43755 65749.9045761419 65757.30406204476 Louisville_0_1
15971 43709 65757.31397990802 65764.71346581088 Louisville_0_0
17465 49482 65770.38089399709 65777.78037989995 West Columbia_0_1
17413 49430 65777.82571355895 65785.22519946181 West Columbia_0_0
12806 36627 65788.56926252611 65795.96874842898 Awendaw_1_0
12804 36523 65796.32055439081 65803.72004029367 Awendaw_0_0
15457 42621 65804.79310078321 65812.19258668607 Ladson_0_1
14341 40685 65815.13313339137 65822.53261929423 Graniteville_0_0
16965 48425 65825.39239548775 65832.79188139061 Suwanee_0_0
17312 49236 65836.42336039469 65843.82284629755 Vandalia_1_1
16407 45703 65844.100771381 65851.50025728386 New Holland_0_0
15217 41949 65853.33257609923 65860.73206200209 Huntsville_1_1
15165 41897 65860.74306446443 65868.1425503673 Huntsville_1_0
15113 41845 65868.26873902006 65875.66822492292 Huntsville_0_1
15061 41793 65875.67869061187 65883.07817651473 Huntsville_0_0
16569 45960 65883.89914260387 65891.29862850673 New Johnsonville_1_1
16410 45801 65891.38393637576 65898.78342227862 New Johnsonville_0_0
13884 39476 65901.49923668506 65908.89872258792 Edison_0_1
13835 39427 65908.92040989838 65916.31989580124 Edison_0_0
16962 48264 65920.04808607108 65927.44757197394 St. Louis_1_0
14605 41046 65929.50227906882 65936.90176497168 Greenville_0_1
14554 40995 65936.9147820505 65944.31426795336 Greenville_0_0
13108 37427 65944.55599806004 65951.9554839629 Carolina_1_1
13107 37377 65951.9701367048 65959.36962260766 Carolina_1_0
13106 37326 65959.51266584845 65966.91215175131 Carolina_0_1
13105 37275 65966.92614035415 65974.325626257 Carolina_0_0
16133 44256 65976.49234452177 65983.89183042463 Memphis_0_0
16624 46166 65984.49804328833 65991.89752919119 Pass Christian_1_0
16623 46117 65991.98501954874 65999.3845054516 Pass Christian_0_0
6033 15491 69434.64730787277 69442.04679377563 Salem_1_0
5945 15403 69442.39048226918 69449.78996817204 Salem_0_0
6077 15535 69450.21783918564 69457.6173250885 Salem_1_1
5989 15447 69457.96320355724 69465.3626894601 Salem_0_1
5898 15182 69544.03702586889 69551.43651177175 Panjim_0_0
5494 13169 69579.84275584364 69587.2422417465 Calcultta_0_0
5539 13212 69587.39481861933 69594.79430452219 Calcultta_0_1
5885 14617 69597.68216810469 69605.08165400755 Mohali_0_0
5890 14843 69605.37812103677 69612.77760693964 New Delhi_1_0
5889 14797 69613.43889129089 69620.83837719375 New Delhi_0_0
5218 12718 69641.77047479166 69649.16996069452 Ahmedabad_0_0
5266 12766 69649.23119791248 69656.63068381534 Ahmedabad_0_1
5742 14098 69701.16253729168 69708.56202319454 Indore_1_0
5697 14053 69708.78265719717 69716.18214310003 Indore_0_0
5836 14378 69717.28611953968 69724.68560544254 Kanpur_1_0
5791 14335 69724.92912793558 69732.32861383844 Kanpur_0_0
5403 12989 69733.56339465089 69740.96288055375 Baroda_1_0
5447 13033 69741.0276837475 69748.42716965036 Baroda_1_1
5315 12901 69748.69482623044 69756.0943121333 Baroda_0_0
5359 12945 69756.15766276953 69763.5571486724 Baroda_0_1
5789 14287 69772.00814550475 69779.40763140761 Jaipur_1_1
5891 14889 69784.50090371474 69791.9003896176 Noida_0_0
5634 13392 69792.548603294 69799.94808919686 Chandigarh_1_0
5585 13343 69800.4621179632 69807.86160386605 Chandigarh_0_0
8294 22275 69813.33120335109 69820.73068925395 Lahore_1_0
8194 22175 69821.11436368799 69828.51384959085 Lahore_0_0
8345 22326 69829.02490134597 69836.42438724883 Lahore_1_1
8244 22225 69836.81024214822 69844.20972805108 Lahore_0_1
8147 22128 69856.15815154847 69863.55763745133 Karachi_0_0
15339 42265 71393.51030436158 71400.90979026444 Ironton_1_0
15274 42200 71401.4054694001 71408.80495530296 Ironton_0_0
1164 3414 71453.77163988352 71461.17112578638 Brampton_0_0
14705 41145 71469.40884118521 71476.80832708807 Hanover Park_0_1
14236 40022 71477.18754912613 71484.58703502899 Elk Grove Village_0_0
14657 41098 71484.83407730624 71492.2335632091 Hanover Park_0_0
15408 42520 71492.72179913169 71500.12128503455 Joliet_0_0
12913 37082 71503.95322820335 71511.35271410621 Carmel_0_0
16356 45508 71522.44833622503 71529.8478221279 Moberly_1_1
16306 45458 71530.01082374285 71537.41030964571 Moberly_1_0
13583 39053 71571.92636213025 71579.32584803311 Denver_1_1
13483 38953 71579.56815433924 71586.9676402421 Denver_0_1
16464 45855 71639.8956604825 71647.29514638537 New Johnsonville_0_1
14398 40839 71653.65036952289 71661.04985542575 Grapevine_0_1
14503 40944 71661.42566500862 71668.82515091148 Grapevine_1_1
14451 40892 71668.95528742515 71676.35477332801 Grapevine_1_0
15218 41950 71684.59271779553 71691.99220369839 Huntsville_1_1
13785 39255 71696.14768324624 71703.5471691491 Dulles_1_1
16904 47702 71761.91334610655 71769.31283200941 Salt Lake City_1_1
13989 39775 71824.73864481575 71832.13813071861 Edwardsville_0_1
13216 37854 71832.9099775812 71840.30946348407 Chelsea_0_0
16035 44157 71845.74287855123 71853.14236445409 Melville_0_0
17466 49483 71861.94484224873 71869.3443281516 West Columbia_0_1
17414 49431 71861.98290708664 71869.3823929895 West Columbia_0_0
13836 39428 71870.70327918323 71878.10276508609 Edison_0_0
13321 38258 71878.2704667617 71885.66995266457 Columbia_0_0
15977 44011 71907.32475254248 71914.72423844534 McAllen_0_0
15970 43664 71917.25739643285 71924.65688233571 Los Indios_1_0
7464 19780 71954.38219536131 71961.78168126417 Chihuahua_0_0
14186 39972 71968.01466451999 71975.41415042285 Elgin_1_1
16138 44512 71976.64952323984 71984.0490091427 Mesa_0_0
14137 39923 71985.30149120148 71992.70097710434 Elgin_1_0
14088 39874 71992.85953713181 72000.25902303467 Elgin_0_1
16681 46364 72001.52150761978 72008.92099352264 Phoenix_0_1
14039 39825 72010.19986355898 72017.59934946185 Elgin_0_0
16628 46311 72018.86898192718 72026.26846783004 Phoenix_0_0
7567 20336 72054.08496683907 72061.48445274193 Monterrey_1_0
7521 20290 72062.15385758644 72069.5533434893 Monterrey_0_0
7471 20060 72087.38171211352 72094.78119801638 Matamoros_0_0
7421 19737 72108.78658314957 72116.18606905243 Aguascalientes_1_0
7376 19692 72116.85086885291 72124.25035475577 Aguascalientes_0_0
7798 20691 72133.82039711742 72141.21988302028 Queretaro_1_1
7795 20565 72141.74472432223 72149.14421022509 Queretaro_0_0
7750 20519 72156.60492424887 72164.00441015173 Pachuca_1_1
7659 20428 72164.59934146442 72171.99882736728 Pachuca_0_1
7705 20474 72172.73937664178 72180.13886254464 Pachuca_1_0
7613 20382 72180.73169721414 72188.131183117 Pachuca_0_0
7468 19968 72206.64850437579 72214.04799027865 Guadalajara_1_0
7466 19876 72214.6778518659 72222.07733776876 Guadalajara_0_0
7519 20244 72240.75855668423 72248.15804258709 Mexico City_1_1
7516 20106 72248.62293054054 72256.0224164434 Mexico City_0_0
8148 22129 75562.04319497943 75569.44268088229 Karachi_0_0
5316 12902 75637.33760514855 75644.73709105141 Baroda_0_0
5360 12946 75644.7455886918 75652.14507459466 Baroda_0_1
5404 12990 75652.21348724968 75659.61297315254 Baroda_1_0
5448 13034 75659.62112699743 75667.02061290029 Baroda_1_1
8649 23397 76290.1837759912 76297.58326189406 Warsaw_0_1
8572 23320 76297.62865154086 76305.02813744372 Warsaw_0_0
8563 22785 76315.25104352832 76322.65052943118 Gdynia_1_0
8561 22627 76322.68468202905 76330.08416793191 Gdynia_0_0
8568 23162 76330.16087279808 76337.56035870094 Tczew_0_0
11066 31250 76417.59209507704 76424.9915809799 Gothenburg_1_1
10888 31072 76438.60193388634 76446.0014197892 Gothenburg_0_1
10977 31161 76446.03751653207 76453.43700243493 Gothenburg_1_0
10799 30983 76453.66696018394 76461.0664460868 Gothenburg_0_0
1295 3545 77237.77641385794 77245.1758997608 Calgary_1_0
1223 3473 77245.5840455216 77252.98353142446 Calgary_0_0
16806 47604 77414.40501230955 77421.80449821241 Salt Lake City_0_1
16905 47703 77422.04336166108 77429.44284756394 Salt Lake City_1_1
16756 47554 77429.56930661584 77436.9687925187 Salt Lake City_0_0
16856 47654 77437.20585558508 77444.60534148794 Salt Lake City_1_0
13484 38954 77468.03330093622 77475.43278683908 Denver_0_1
13584 39054 77475.52211302462 77482.92159892748 Denver_1_1
13434 38904 77482.95746154383 77490.3569474467 Denver_0_0
13534 39004 77490.4454239188 77497.84490982167 Denver_1_0
12803 36475 77497.86149654916 77505.26098245202 Aurora_0_0
16140 44616 77512.96115235322 77520.36063825608 Mesquite_0_1
16139 44566 77520.47216475617 77527.87165065903 Mesquite_0_0
13320 38211 77535.7206683123 77543.12015421515 Colorado Springs_0_0
13161 37528 77557.69519958798 77565.09468549084 Carson_0_1
15462 42778 77565.56383350663 77572.9633194095 Lakewood_0_0
13111 37478 77573.28596442753 77580.68545033039 Carson_0_0
17617 49738 77580.71955024931 77588.11903615217 Wilmington_0_0
16682 46365 77599.06611630268 77606.46560220554 Phoenix_0_1
16629 46312 77606.5389935561 77613.93847945896 Phoenix_0_0
14089 39875 77615.95502180574 77623.3545077086 Elgin_0_1
14187 39973 77623.48096029095 77630.88044619381 Elgin_1_1
14040 39826 77630.95199899301 77638.35148489587 Elgin_0_0
14138 39924 77638.47689653879 77645.87638244165 Elgin_1_0
7806 20996 80714.42364779115 80721.82313369401 Maputo_0_0
7852 21042 80721.8470858951 80729.24657179796 Maputo_0_1
9442 27094 80796.9700782001 80804.36956410296 Polokwane_1_0
9489 27141 80804.38318972848 80811.78267563134 Polokwane_1_1
9350 27003 80811.90767794783 80819.3071638507 Polokwane_0_0
9396 27048 80819.32025431468 80826.71974021754 Polokwane_0_1
9726 27584 80827.59282285505 80834.99230875791 Spartan_0_0
9226 25351 80835.03904501532 80842.43853091818 Bedfordview_0_0
9771 27628 80842.49328842416 80849.89277432702 Spartan_0_1
9271 25395 80849.93974321826 80857.33922912112 Bedfordview_0_1
9634 27493 80857.39521366212 80864.79469956498 Roodepoort_1_0
9680 27538 80864.8022909508 80872.20177685366 Roodepoort_1_1
9540 27399 80872.29074341164 80879.6902293145 Roodepoort_0_0
9587 27446 80879.6974735593 80887.09695946216 Roodepoort_0_1
7280 19110 80894.97411698701 80902.37360288987 Lilongwe_0_0
7322 19152 80902.43236453497 80909.83185043783 Lilongwe_0_1
2463 7260 81570.96296992898 81578.36245583184 Alexandria_0_0
2512 7309 81578.52674960051 81585.92623550337 Alexandria_0_1
6296 16744 81603.0809476935 81610.48043359636 Lod_0_0
6350 16993 81612.43517334443 81619.8346592473 Migdal Haemek_0_0
6400 17043 81619.91210843685 81627.31159433971 Migdal Haemek_0_1
12027 33225 81690.12031057477 81697.51979647763 Izmir_0_0
12030 33383 81698.23866629868 81705.63815220154 Izmir_1_1
12028 33277 81706.18379066828 81713.58327657114 Izmir_0_1
11765 32962 81732.27006344155 81739.66954934441 Ankara_0_0
11922 33119 81749.34069728537 81756.74018318823 Istanbul_1_0
11817 33014 81757.26604503929 81764.66553094215 Istanbul_0_0
11975 33172 81765.34402089735 81772.74350680021 Istanbul_1_1
11870 33067 81773.26693039642 81780.66641629928 Istanbul_0_1
9024 24612 81788.40349045396 81795.80297635682 Otopeni_0_1
9158 25147 81882.57538560033 81889.97487150319 Senec_1_0
8566 23014 81896.77240116952 81904.17188707239 Krakow_1_0
8565 22943 81904.53981675334 81911.9393026562 Krakow_0_0
709 1208 81922.78057350553 81930.18005940839 Linz_0_0
6723 18237 81934.23692376121 81941.63640966408 Vicenza_0_0
6724 18300 81941.71437094203 81949.1138568449 Vicenza_0_1
8573 23321 81968.99978418146 81976.39927008432 Warsaw_0_0
8650 23398 81976.6031788098 81984.00266471267 Warsaw_0_1
6588 17703 82005.5522481576 82012.95173406047 Milan_1_0
6523 17638 82012.97641964056 82020.37590554342 Milan_0_1
11160 31862 82020.89153524734 82028.2910211502 Zurich_1_1
4938 12291 82029.24744167211 82036.64692757497 Stuttgart_1_0
4870 12223 82036.67185983075 82044.07134573361 Stuttgart_0_1
4721 11392 82044.24863105862 82051.64811696149 Mannheim_0_0
4135 10230 82052.21527474381 82059.61476064667 Frankfurt_1_0
4207 10302 82059.70443793507 82067.10392383793 Frankfurt_1_1
3989 10084 82067.30379534236 82074.70328124522 Frankfurt_0_0
4641 10890 82075.96280879904 82083.3622947019 Kassel_0_0
2381 7178 82090.17452375888 82097.57400966174 Hvidovre_1_0
5144 12494 82106.14066954912 82113.54015545198 Troisdorf-Spich_1_0
3836 9792 82114.10709428832 82121.50658019118 Dortmund_1_0
3609 9565 82123.54638550465 82130.94587140752 Bremen_1_1
3378 9334 82131.19399444974 82138.5934803526 Bremen_0_0
3911 9864 82140.29315583597 82147.69264173883 Dortmund_1_1
3686 9642 82147.88977678736 82155.28926269022 Dortmund_0_0
3455 9411 82157.29970244663 82164.69918834949 Bremen_0_1
4650 11324 82167.3092372819 82174.70872318475 Koeln_0_0
2893 8379 82177.51952514457 82184.91901104743 Lyon_1_0
7900 21162 82187.17712228838 82194.57660819124 Eindhoven_0_0
11067 31251 82205.62025460645 82213.0197405093 Gothenburg_1_1
2828 8314 82226.3755411379 82233.77502704076 Lyon_0_0
851 1925 82235.67192299134 82243.0714088942 Oevel_0_0
856 2289 82243.37410567234 82250.7735915752 Zaventem_0_0
857 2362 82250.84318275822 82258.24266866109 Zaventem_0_1
3156 8841 82259.65156346487 82267.05104936773 Roissy Cdg Cedex_0_1
3088 8773 82267.1020320908 82274.50151799366 Roissy Cdg Cedex_0_0
12340 33886 82274.70060824041 82282.10009414327 Aylesford_1_1
12268 33814 82282.15547697854 82289.5549628814 Aylesford_1_0
12195 33741 82289.55950158744 82296.9589874903 Aylesford_0_1
12410 34031 82296.9806124597 82304.38009836256 Basildon_0_0
12122 33668 82304.4564742234 82311.85596012627 Aylesford_0_0
12566 34791 82312.35027856621 82319.74976446907 Havant_1_0
12037 33583 82321.75294976056 82329.15243566342 Aberdeen_0_0
12490 34334 82330.90633558821 82338.30582149107 Birmingham_1_0
12416 34260 82338.34910698599 82345.74859288885 Birmingham_0_0
12570 35085 82345.87205509839 82353.27154100125 Home_0_0
12563 34563 82353.9821400066 82361.38162590946 Glasgow_1_0
