6050 15508 1917.5193797647953 1924.9188656676495 Salem_1_0
5962 15420 1925.0359031729215 1932.4353890757757 Salem_0_0
6094 15552 1932.5717458460758 1939.97123174893 Salem_1_1
6006 15464 1940.0876305254126 1947.4871164282667 Salem_0_1
5916 15200 1951.1469382991747 1958.546424202029 Panjim_0_0
5761 14117 2036.8560146987438 2044.255500601598 Indore_1_0
5716 14072 2044.448303791616 2051.84778969447 Indore_0_0
5856 14398 2053.4107187986374 2060.8102047014913 Kanpur_1_0
5810 14352 2060.9859547184838 2068.3854406213377 Kanpur_0_0
5422 13008 2069.465999456855 2076.865485359709 Baroda_1_0
5334 12920 2077.076583008985 2084.476068911839 Baroda_0_0
5466 13052 2084.7202542480236 2092.1197401508775 Baroda_1_1
5378 12964 2092.329615932131 2099.729101834985 Baroda_0_1
8167 22148 2109.9872758268134 2117.3867617296673 Karachi_0_0
5654 13412 2257.1466833651066 2264.5461692679605 Chandigarh_1_0
5605 13363 2264.6307811217102 2272.030267024564 Chandigarh_0_0
8316 22297 2273.372882215204 2280.772368118058 Lahore_1_0
8214 22195 2280.8923505358866 2288.2918364387406 Lahore_0_0
8367 22348 2288.4243781381683 2295.8238640410223 Lahore_1_1
8264 22245 2295.943279121392 2303.342765024246 Lahore_0_1
7185 18973 2484.284271031618 2491.683756934472 Almaty_1_0
7067 18855 2491.747144195232 2499.146630098086 Almaty_0_0
7244 19032 2499.209343346019 2506.608829248873 Almaty_1_1
7126 18914 2506.6720231247386 2514.0715090275926 Almaty_0_1
15366 42292 3874.543834090233 3881.943319993087 Ironton_1_0
15301 42227 3882.0162794142066 3889.4157653170605 Ironton_0_0
1324 3574 3926.1804515380977 3933.5799374409517 Calgary_1_0
1252 3502 3933.987446189094 3941.386932091948 Calgary_0_0
13604 39074 3973.4145637294027 3980.8140496322567 Denver_1_1
13504 38974 3981.0194081046757 3988.4188940075296 Denver_0_1
13454 38924 3988.5169858017202 3995.916471704574 Denver_0_0
16926 47724 4010.6378295779346 4018.0373154807885 Salt Lake City_1_1
16827 47625 4018.5308367395214 4025.9303226423754 Salt Lake City_0_1
16877 47675 4026.6003269428047 4033.9998128456587 Salt Lake City_1_0
7297 19127 7506.367142438889 7513.766628341743 Lilongwe_0_0
7339 19169 7513.783372279775 7521.182858182629 Lilongwe_0_1
6315 16763 8112.254225671291 8119.653711574146 Lod_0_0
2484 7281 8135.689418166876 8143.08890406973 Alexandria_0_0
2533 7330 8143.197266362744 8150.596752265598 Alexandria_0_1
6369 17012 8167.785221848825 8175.1847077516795 Migdal Haemek_0_0
6419 17062 8175.35058936312 8182.750075265974 Migdal Haemek_0_1
11786 32983 8239.551751881838 8246.951237784691 Ankara_0_0
11942 33139 8274.445034325123 8281.844520227976 Istanbul_1_0
11837 33034 8282.240068986384 8289.639554889238 Istanbul_0_0
11994 33191 8290.193493669947 8297.5929795728 Istanbul_1_1
11889 33086 8297.990289889667 8305.38977579252 Istanbul_0_1
8988 24576 8342.925528854132 8350.325014756985 Otopeni_0_0
9050 24638 8350.47349849949 8357.872984402344 Otopeni_0_1
672 1171 8479.759459912777 8487.15894581563 Graz_1_0
607 1106 8487.257369312007 8494.65685521486 Graz_0_0
9186 25175 8496.68538446608 8504.084870368933 Senec_1_0
9119 25108 8504.216902796094 8511.616388698947 Senec_0_0
805 1304 8513.53834918583 8520.937835088684 Linz_1_0
738 1237 8521.030801153322 8528.430287056175 Linz_0_0
4308 10403 8640.990770071745 8648.390255974598 Freiburg_0_0
4967 12320 8649.054768949154 8656.454254852008 Stuttgart_1_0
4832 12185 8656.508862046123 8663.908347948976 Stuttgart_0_0
5035 12388 8664.01539773175 8671.414883634603 Stuttgart_1_1
4751 11422 8671.52818897855 8678.927674881403 Mannheim_0_0
4165 10260 8679.258576050333 8686.658061953187 Frankfurt_1_0
4019 10114 8686.715035261537 8694.11452116439 Frankfurt_0_0
4237 10332 8694.228706746764 8701.628192649618 Frankfurt_1_1
3334 9290 8704.962546213574 8712.362032116427 Berlin_1_0
2414 7211 8713.74931134689 8721.148797249743 Hvidovre_1_0
2330 7127 8721.269769896113 8728.669255798966 Hvidovre_0_0
11012 31196 8730.007199085409 8737.406684988262 Gothenburg_1_0
10834 31018 8737.537584299756 8744.93707020261 Gothenburg_0_0
11102 31286 8745.20825512375 8752.607741026604 Gothenburg_1_1
10923 31107 8752.739980516264 8760.139466419118 Gothenburg_0_1
1325 3575 9719.539192408323 9726.938678311177 Calgary_1_0
1253 3503 9726.998563205669 9734.398049108522 Calgary_0_0
6681 17796 9768.268468048796 9775.66795395165 Milan_1_1
6616 17731 9775.822988809829 9783.222474712682 Milan_1_0
6551 17666 9783.548473994702 9790.947959897556 Milan_0_1
6486 17601 9791.105536811905 9798.505022714759 Milan_0_0
9838 27792 13050.478119075298 13057.877604978152 Welkom_0_0
7826 21016 13089.328827112913 13096.728313015767 Maputo_0_0
7872 21062 13096.813719154308 13104.213205057162 Maputo_0_1
9245 25370 13114.556084302912 13121.955570205766 Bedfordview_0_0
9653 27512 13122.242833518141 13129.642319420995 Roodepoort_1_0
9745 27603 13130.24780210989 13137.647288012744 Spartan_0_0
9560 27419 13138.775778537578 13146.175264440431 Roodepoort_0_0
9291 25415 13147.1287706218 13154.528256524654 Bedfordview_0_1
9462 27114 13160.174901052618 13167.574386955472 Polokwane_1_0
10402 29957 14252.823900222778 14260.223386125632 Linares_1_0
10349 29904 14260.344569303155 14267.744055206009 Linares_0_0
8816 24294 14377.860629409552 14385.260115312405 Vila Franca Xira_0_1
2988 8673 14411.770127312804 14419.169613215658 Nice_0_0
3051 8736 14419.349819951361 14426.749305854215 Nice_0_1
673 1172 14449.494739550526 14456.89422545338 Graz_1_0
4309 10404 14473.598754243865 14480.998240146719 Freiburg_0_0
4901 12254 14485.473954941801 14492.873440844654 Stuttgart_0_1
4752 11423 14494.23952725612 14501.639013158974 Mannheim_0_0
4166 10261 14503.174724507493 14510.574210410346 Frankfurt_1_0
4238 10333 14510.717352613605 14518.116838516458 Frankfurt_1_1
5175 12525 14521.577938226264 14528.977424129118 Troisdorf-Spich_1_0
3866 9819 14530.497717985718 14537.897203888571 Dortmund_1_0
3941 9894 14538.054538409058 14545.454024311912 Dortmund_1_1
3409 9365 14549.419133414489 14556.818619317342 Bremen_0_0
2415 7212 14565.070008974251 14572.469494877105 Hvidovre_1_0
2331 7128 14572.703136050957 14580.10262195381 Hvidovre_0_0
11013 31197 14580.40313484744 14587.802620750293 Gothenburg_1_0
10835 31019 14588.022316184237 14595.42180208709 Gothenburg_0_0
11103 31287 14595.701718000591 14603.101203903445 Gothenburg_1_1
10924 31108 14603.318951432086 14610.71843733494 Gothenburg_0_1
12074 33620 14638.941029221654 14646.340515124508 Aberdeen_0_0
7999 21703 17098.83791899681 17106.237404899664 Auckland_0_0
8111 21872 17108.53057782231 17115.93006372516 Hamilton_0_1
8055 21816 17116.103946075862 17123.503431978716 Hamilton_0_0
10403 29958 20086.716277360916 20094.11576326377 Linares_1_0
10350 29905 20094.287714524016 20101.68720042687 Linares_0_0
10523 30401 20143.11842304468 20150.517908947535 Valencia_0_0
8873 24351 20160.9254800066 20168.324965909454 Vila Franca Xira_1_0
8761 24239 20168.67507594088 20176.074561843732 Vila Franca Xira_0_0
8929 24407 20176.496391476656 20183.89587737951 Vila Franca Xira_1_1
8817 24295 20184.243539600153 20191.643025503006 Vila Franca Xira_0_1
10062 29041 20199.8967165298 20207.296202432655 Coslada_0_0
10294 29849 20207.589163213008 20214.98864911586 Las Rozas_0_0
9993 28276 20215.595126996057 20222.99461289891 Alovera_0_0
10117 29094 20223.288752776352 20230.688238679206 Coslada_0_1
10228 29205 20234.52577895129 20241.925264854144 El Prat De Llobregat_1_0
10172 29149 20241.99734258796 20249.396828490815 El Prat De Llobregat_0_0
10579 30457 20259.691555923702 20267.091041826556 Vigo_0_0
10695 30573 20274.597775968243 20281.997261871096 Vitoria-Gasteiz_0_0
10637 30515 20289.443950150755 20296.84343605361 Vigo_0_1
10756 30634 20304.302694203376 20311.70218010623 Vitoria-Gasteiz_0_1
10462 30128 20312.60735824448 20320.006844147334 Santander_0_0
12370 33916 20360.83161702752 20368.231102930375 Aylesford_1_1
12226 33772 20368.302359890007 20375.70184579286 Aylesford_0_1
12521 34365 20376.777423714342 20384.176909617196 Birmingham_1_0
12447 34291 20384.267214162395 20391.66670006525 Birmingham_0_0
12075 33621 20421.94743436575 20429.346920268603 Aberdeen_0_0
546 1045 22977.718538939953 22985.118024842806 Sydney_0_1
494 993 22985.282554788355 22992.68204069121 Sydney_0_0
183 389 23141.94383993745 23149.343325840302 Adelaide_1_1
79 285 23149.438893979608 23156.83837988246 Adelaide_0_1
131 337 23156.98417116446 23164.383657067312 Adelaide_1_0
27 233 23164.480089550583 23171.879575453437 Adelaide_0_0
390 690 23179.517064998665 23186.91655090152 Derrimut_1_1
288 588 23187.181161717115 23194.58064761997 Derrimut_0_1
339 639 23194.960096225666 23202.35958212852 Derrimut_1_0
237 537 23202.62609088055 23210.025576783402 Derrimut_0_0
6799 18436 27777.088131278753 27784.487617181607 Narita_0_1
6746 18383 27784.57557686959 27791.975062772442 Narita_0_0
7010 18749 27792.9940612788 27800.393547181655 Tokyo_1_1
6906 18645 27800.780011228573 27808.179497131427 Tokyo_0_1
6958 18697 27808.64749737381 27816.046983276665 Tokyo_1_0
6854 18593 27816.436139340785 27823.83562524364 Tokyo_0_0
184 390 28925.085579305887 28932.48506520874 Adelaide_1_1
80 286 28932.69174691617 28940.091232819024 Adelaide_0_1
132 338 28940.32723213514 28947.726718037993 Adelaide_1_0
28 234 28947.932172180026 28955.33165808288 Adelaide_0_0
445 945 29014.84974849224 29022.249234395094 Perth_0_0
391 691 29079.574079469923 29086.973565372777 Derrimut_1_1
289 589 29087.05183695931 29094.45132286216 Derrimut_0_1
340 640 29094.532140685773 29101.931626588626 Derrimut_1_0
238 538 29102.00961036468 29109.409096267533 Derrimut_0_0
12714 36180 30778.289791882038 30785.68927778489 Montevideo_1_0
12606 36072 30785.921713236672 30793.321199139526 Montevideo_0_0
12768 36234 30793.591517287634 30800.991003190487 Montevideo_1_1
12660 36126 30801.224878629 30808.624364531854 Montevideo_0_1
1027 2787 30885.31100603938 30892.710491942235 Paranagua_0_0
976 2644 30895.583705686044 30902.983191588897 Curitiba_0_0
1125 2934 30930.811335921288 30938.21082182414 Rio De Janeiro_1_0
1077 2886 30938.50967807291 30945.909163975764 Rio De Janeiro_0_0
881 2549 30955.512292754018 30962.91177865687 Campinas_0_0
929 2597 30963.05384068652 30970.453326589373 Campinas_0_1
17435 49452 32117.89730334282 32125.296789245673 West Columbia_0_0
17487 49504 32125.32995522992 32132.729441132775 West Columbia_0_1
1187 3437 32136.413787811576 32143.81327371443 Brampton_0_0
1401 4617 33640.31221708655 33647.71170298941 Beijing_0_0
9943 28228 33681.27201231709 33688.67149821994 Seoul_1_0
9894 28181 33689.01838394649 33696.41786984934 Seoul_0_0
2091 5494 33714.32844217896 33721.72792808181 Qingdao_1_1
1983 5386 33722.31869080652 33729.71817670937 Qingdao_0_1
2037 5440 33730.476047723656 33737.87553362651 Qingdao_1_0
1929 5332 33738.46783514374 33745.86732104659 Qingdao_0_0
2195 5598 33758.51972788572 33765.91921378858 Shanghai_0_1
2145 5548 33766.08355037967 33773.48303628252 Shanghai_0_0
1878 5281 33781.175990104675 33788.57547600753 Ningbo_1_1
1780 5183 33789.129562885326 33796.52904878818 Ningbo_0_1
1829 5232 33797.24064611623 33804.640132019085 Ningbo_1_0
1730 5133 33805.19262833374 33812.59211423659 Ningbo_0_0
1503 4768 33899.88547214866 33907.28495805151 Chongqing_1_0
11370 32358 33942.92138925743 33950.32087516029 Nankan_1_0
11322 32310 33950.928776400215 33958.32826230307 Nankan_0_0
11557 32635 33964.59309373476 33971.99257963761 Taipei_0_1
11277 32265 33972.69671122064 33980.096197123494 Linkou_0_1
2251 6121 33991.22116105023 33998.62064695308 Xiamen_0_0
1684 5087 34014.95606015513 34022.35554605798 Guangzhou_1_1
8539 22603 34056.72055824441 34064.12004414726 Manila_1_1
8457 22521 34064.49794103882 34071.89742694167 Manila_0_1
8498 22562 34072.367934611284 34079.76742051414 Manila_1_0
8416 22480 34080.14292521194 34087.542411114795 Manila_0_0
446 946 34821.78285178542 34829.182337688275 Perth_0_0
16005 44127 34884.59927707345 34891.998762976305 Medford_0_0
6552 17667 34894.01715072735 34901.4166366302 Milan_0_1
6487 17602 34901.42225289584 34908.821738798695 Milan_0_0
6682 17797 34908.92082743124 34916.320313334094 Milan_1_1
6617 17732 34916.3264023999 34923.72588830275 Milan_1_0
12715 36181 36706.88416579366 36714.28365169651 Montevideo_1_0
12607 36073 36714.37104511796 36721.77053102081 Montevideo_0_0
12769 36235 36721.903403345 36729.302889247854 Montevideo_1_1
12661 36127 36729.38949447062 36736.78898037347 Montevideo_0_1
7725 20494 37757.151229560375 37764.55071546323 Pachuca_1_0
7634 20403 37764.6384142809 37772.03790018375 Pachuca_0_0
7771 20540 37772.15626815971 37779.55575406257 Pachuca_1_1
7680 20449 37779.64413026009 37787.04361616294 Pachuca_0_1
17084 48648 37829.77095175701 37837.170437659865 Tampa_1_0
16987 48551 37837.66749607207 37845.066981974924 Tampa_0_0
17133 48697 37845.66696834615 37853.066454249005 Tampa_1_1
17035 48599 37853.56050395795 37860.95998986081 Tampa_0_1
7586 20355 37902.99420627512 37910.393692177975 Monterrey_1_0
7540 20309 37910.48238514913 37917.881871051984 Monterrey_0_0
13856 39448 37955.169703682695 37962.56918958555 Edison_0_0
13905 39497 37962.70107260953 37970.100558512386 Edison_0_1
14010 39796 37970.96241011234 37978.361896015194 Edwardsville_0_1
15187 41919 37980.70156768578 37988.10105358863 Huntsville_1_0
16538 45929 37991.697067448615 37999.09655335147 New Johnsonville_1_0
13345 38328 38015.41602737147 38022.81551327433 Columbus_0_0
15430 42542 38034.93683488909 38042.33632079195 Joliet_0_0
15367 42293 38054.423485966385 38061.82297186924 Ironton_1_0
15302 42228 38062.276868150286 38069.67635405314 Ironton_0_0
1326 3576 38244.90420985222 38252.30369575507 Calgary_1_0
1254 3504 38252.36989017245 38259.7693760753 Calgary_0_0
1402 4618 39636.73182982206 39644.13131572492 Beijing_0_0
1504 4769 39752.70003601909 39760.09952192194 Chongqing_1_0
1455 4720 39760.22771083717 39767.627196740024 Chongqing_0_0
5285 12785 39824.046288341284 39831.44577424414 Ahmedabad_0_1
5237 12737 39831.522806898334 39838.92229280119 Ahmedabad_0_0
5557 13230 39930.12014350295 39937.519629405804 Calcultta_0_1
5512 13187 39937.55073417278 39944.95022007563 Calcultta_0_0
6095 15553 40154.533655017614 40161.93314092047 Salem_1_1
6007 15465 40162.05958385972 40169.459069762575 Salem_0_1
6051 15509 40169.60728735913 40177.00677326199 Salem_1_0
5963 15421 40177.133925267095 40184.53341116995 Salem_0_0
7726 20495 43530.03276112676 43537.43224702961 Pachuca_1_0
7635 20404 43537.60499914884 43545.00448505169 Pachuca_0_0
7772 20541 43545.20360024964 43552.60308615249 Pachuca_1_1
7681 20450 43552.77488104613 43560.17436694898 Pachuca_0_1
7441 19756 43564.48784165944 43571.88732756229 Aguascalientes_1_0
7397 19713 43572.18490521368 43579.584391116536 Aguascalientes_0_0
7587 20356 43612.6243108809 43620.02379678375 Monterrey_1_0
7541 20310 43620.21061554065 43627.610101443504 Monterrey_0_0
7492 20081 43636.54882599932 43643.948311902175 Matamoros_0_0
14160 39946 43682.3135188818 43689.71300478465 Elgin_1_0
14062 39848 43690.31027087461 43697.70975677746 Elgin_0_0
14209 39995 43698.45310501643 43705.85259091928 Elgin_1_1
14111 39897 43706.44749358468 43713.846979487535 Elgin_0_1
16651 46334 43717.934959291226 43725.33444519408 Phoenix_0_0
16704 46387 43725.49601991601 43732.895505818866 Phoenix_0_1
17636 49757 43753.46523377299 43760.86471967585 Wilmington_0_0
15481 42797 43761.1865508268 43768.586036729655 Lakewood_0_0
13130 37497 43768.8741629207 43776.27364882355 Carson_0_0
13180 37547 43776.39845665142 43783.79794255427 Carson_0_1
16878 47676 43827.098652005196 43834.49813790805 Salt Lake City_1_0
16778 47576 43834.99398562046 43842.39347152331 Salt Lake City_0_0
16828 47626 43842.529614953855 43849.92910085671 Salt Lake City_0_1
1327 3577 43992.75809532404 44000.15758122689 Calgary_1_0
1255 3505 44000.53902609889 44007.93851200175 Calgary_0_0
7245 19033 45410.54827341437 45417.94775931723 Almaty_1_1
7127 18915 45418.38786116233 45425.78734706518 Almaty_0_1
7186 18974 45426.40314672458 45433.802632627434 Almaty_1_0
7068 18856 45434.24145650124 45441.64094240409 Almaty_0_0
8368 22349 45612.767630428076 45620.16711633093 Lahore_1_1
8265 22246 45620.61041516944 45628.00990107229 Lahore_0_1
8317 22298 45628.59234518942 45635.99183109227 Lahore_1_0
8215 22196 45636.43292411617 45643.83241001902 Lahore_0_0
5655 13413 45650.19424795446 45657.59373385731 Chandigarh_1_0
5606 13364 45657.8911150126 45665.290600915454 Chandigarh_0_0
5558 13231 45894.748994767666 45902.14848067052 Calcultta_0_1
5513 13188 45902.176918778925 45909.57640468178 Calcultta_0_0
8168 22149 45944.466480564115 45951.86596646697 Karachi_0_0
5857 14399 45976.8440691944 45984.24355509725 Kanpur_1_0
5811 14353 45984.60043322481 45991.999919127666 Kanpur_0_0
5467 13053 45994.37421295485 46001.7736988577 Baroda_1_1
5379 12965 46002.204890237204 46009.60437614006 Baroda_0_1
5423 13009 46010.15248916815 46017.551975071 Baroda_1_0
5335 12921 46017.980692389945 46025.3801782928 Baroda_0_0
5762 14118 46027.9574037385 46035.356889641356 Indore_1_0
5717 14073 46035.72919383336 46043.12867973621 Indore_0_0
5917 15201 46047.5746160434 46054.97410194625 Panjim_0_0
11995 33192 51602.415003180504 51609.81448908336 Istanbul_1_1
11890 33087 51612.66441822052 51620.06390412337 Istanbul_0_1
11943 33140 51620.124676026106 51627.52416192896 Istanbul_1_0
11838 33035 51627.58546106049 51634.98494696334 Istanbul_0_0
11787 32984 51636.882122307085 51644.28160820994 Ankara_0_0
6420 17063 51647.20106484698 51654.600550749834 Migdal Haemek_0_1
6370 17013 51654.62756417058 51662.02705007343 Migdal Haemek_0_0
6316 16764 51662.57595841657 51669.975444319425 Lod_0_0
2534 7331 51727.192921727896 51734.59240763075 Alexandria_0_1
2485 7282 51734.59896750541 51741.99845340826 Alexandria_0_0
7341 19171 52307.41958734393 52314.819073246785 Lilongwe_0_1
7299 19129 52314.974014494874 52322.37350039773 Lilongwe_0_0
9510 27162 52476.86081197858 52484.26029788143 Polokwane_1_1
9417 27069 52484.78597102859 52492.185456931446 Polokwane_0_1
9463 27115 52492.85467117188 52500.254157074734 Polokwane_1_0
9371 27024 52500.782040838145 52508.181526741 Polokwane_0_0
7873 21063 52521.461494767806 52528.86098067066 Maputo_0_1
7827 21017 52529.02133770461 52536.42082360746 Maputo_0_0
9792 27649 52551.85870389803 52559.25818980089 Spartan_0_1
9292 25416 52559.4485386374 52566.84802454025 Bedfordview_0_1
9701 27559 52567.135033225546 52574.5345191284 Roodepoort_1_1
9608 27467 52574.98446130876 52582.383947211616 Roodepoort_0_1
9746 27604 52583.446285369704 52590.84577127256 Spartan_0_0
9246 25371 52591.03700163873 52598.436487541585 Bedfordview_0_0
9654 27513 52598.72497611944 52606.12446202229 Roodepoort_1_0
9561 27420 52606.57674793198 52613.97623383483 Roodepoort_0_0
9839 27793 52615.45786627806 52622.857352180916 Welkom_0_0
11104 31288 57106.256978452206 57113.65646435506 Gothenburg_1_1
10925 31109 57113.75603372973 57121.155519632586 Gothenburg_0_1
11014 31198 57121.2590586771 57128.65854457995 Gothenburg_1_0
10836 31020 57128.75866124303 57136.158147145885 Gothenburg_0_0
2416 7213 57140.75390955806 57148.15339546091 Hvidovre_1_0
2332 7129 57148.266198227706 57155.66568413056 Hvidovre_0_0
3641 9597 57216.80528789759 57224.20477380044 Bremen_1_1
3487 9443 57224.28719743459 57231.686683337444 Bremen_0_1
8686 23434 57244.496876061836 57251.89636196469 Warsaw_0_1
3564 9520 57264.624809137575 57272.02429504043 Bremen_1_0
3410 9366 57272.10705750768 57279.506543410535 Bremen_0_0
8609 23357 57292.4082824128 57299.80776831565 Warsaw_0_0
3336 9292 57309.59460129529 57316.994087198145 Berlin_1_0
3262 9218 57317.1329593511 57324.53244525396 Berlin_0_0
4602 10849 57326.928160699266 57334.32764660212 Hannover_1_1
4456 10703 57334.42048566775 57341.81997157061 Hannover_0_1
4529 10776 57341.9148152342 57349.314301137056 Hannover_1_0
4383 10630 57349.40755886471 57356.807044767564 Hannover_0_0
3942 9895 57357.8630486605 57365.26253456336 Dortmund_1_1
3792 9748 57365.33632166037 57372.73580756322 Dortmund_0_1
3867 9820 57372.80751405226 57380.20699995512 Dortmund_1_0
3717 9673 57380.281052533326 57387.68053843618 Dortmund_0_0
4239 10334 57388.34841134533 57395.747897248184 Frankfurt_1_1
4167 10262 57395.74911580865 57403.1486017115 Frankfurt_1_0
4753 11424 57403.345581162976 57410.74506706583 Mannheim_0_0
5037 12390 57411.23636901835 57418.6358549212 Stuttgart_1_1
4902 12255 57418.73179730925 57426.131283212104 Stuttgart_0_1
9188 25177 57434.55393589481 57441.95342179766 Senec_1_0
9121 25110 57442.21603496016 57449.615520863015 Senec_0_0
674 1173 57451.87015786773 57459.26964377058 Graz_1_0
2535 7332 57505.288296691586 57512.68778259444 Alexandria_0_1
2486 7283 57512.76667001628 57520.166155919134 Alexandria_0_0
16006 44128 57532.45757915936 57539.85706506221 Medford_0_0
6683 17798 57549.0207005966 57556.420186499454 Milan_1_1
6553 17668 57556.6473301276 57564.04681603045 Milan_0_1
6618 17733 57564.3967756165 57571.796261519354 Milan_1_0
6488 17603 57572.021647435475 57579.42113333833 Milan_0_0
8056 21817 60449.30714288354 60456.70662878639 Hamilton_0_0
8112 21873 60456.71405845261 60464.11354435547 Hamilton_0_1
8000 21704 60472.667226314545 60480.0667122174 Auckland_0_0
11105 31289 62942.44753783941 62949.847023742266 Gothenburg_1_1
10926 31110 62950.123452945576 62957.52293884843 Gothenburg_0_1
11015 31199 62958.0128178219 62965.412303724755 Gothenburg_1_0
10837 31021 62965.687477112835 62973.08696301569 Gothenburg_0_0
2417 7214 62980.62903290987 62988.02851881272 Hvidovre_1_0
2333 7130 62988.274147934855 62995.67363383771 Hvidovre_0_0
8687 23435 63049.18044954538 63056.57993544824 Warsaw_0_1
8610 23358 63056.66248846526 63064.061974368116 Warsaw_0_0
12076 33622 63106.03097593407 63113.43046183692 Aberdeen_0_0
3337 9293 63149.35148725821 63156.75097316106 Berlin_1_0
3263 9219 63156.94498369656 63164.34446959941 Berlin_0_0
3642 9598 63171.79529044114 63179.194776344 Bremen_1_1
3488 9444 63179.511620212004 63186.91110611486 Bremen_0_1
3565 9521 63187.42145884788 63194.82094475073 Bremen_1_0
3411 9367 63195.136395018766 63202.53588092162 Bremen_0_0
4603 10850 63205.11725530102 63212.51674120387 Hannover_1_1
4457 10704 63212.801189852944 63220.2006757558 Hannover_0_1
4530 10777 63220.66337303635 63228.0628589392 Hannover_1_0
4384 10631 63228.34565667247 63235.745142575324 Hannover_0_0
3943 9896 63238.936026873125 63246.33551277598 Dortmund_1_1
3793 9749 63246.678204095806 63254.07768999866 Dortmund_0_1
3868 9821 63254.61199405003 63262.01147995288 Dortmund_1_0
5177 12527 63262.11489293742 63269.51437884027 Troisdorf-Spich_1_0
5106 12456 63269.86023063971 63277.25971654256 Troisdorf-Spich_0_0
4835 12188 63283.15749865612 63290.55698455897 Stuttgart_0_0
4311 10406 63292.08063778307 63299.48012368592 Freiburg_0_0
2857 8343 63303.37618651347 63310.77567241633 Lyon_0_0
2990 8675 63317.44038276971 63324.83986867256 Nice_0_0
2726 8141 63345.07467600408 63352.47416190693 Bordeaux_1_0
10638 30516 63371.78840707863 63379.187892981485 Vigo_0_1
10580 30458 63379.24239282009 63386.64187872294 Vigo_0_0
8057 21818 66261.07616189122 66268.47564779408 Hamilton_0_0
8113 21874 66268.56921846655 66275.96870436941 Hamilton_0_1
8001 21705 66276.70845237374 66284.1079382766 Auckland_0_0
495 994 66431.69595572352 66439.09544162638 Sydney_0_0
547 1046 66439.10829272418 66446.50777862704 Sydney_0_1
6959 18698 67528.32614761591 67535.72563351877 Tokyo_1_0
6747 18384 67536.42825691428 67543.82774281714 Narita_0_0
6855 18594 67544.77479559401 67552.17428149687 Tokyo_0_0
7011 18750 67552.51886282301 67559.91834872587 Tokyo_1_1
6800 18437 67560.6261632945 67568.02564919736 Narita_0_1
6907 18646 67568.97967383704 67576.3791597399 Tokyo_0_1
11106 31290 68912.14515250921 68919.54463841207 Gothenburg_1_1
11016 31200 68919.68928727508 68927.08877317794 Gothenburg_1_0
10927 31111 68927.17580199732 68934.57528790018 Gothenburg_0_1
10838 31022 68934.63203000801 68942.03151591087 Gothenburg_0_0
12077 33623 68946.68785321104 68954.0873391139 Aberdeen_0_0
12372 33918 69027.92658162117 69035.32606752403 Aylesford_1_1
12523 34367 69036.58774964185 69043.98723554472 Birmingham_1_0
12228 33774 69045.19685779016 69052.59634369302 Aylesford_0_1
12449 34293 69053.87745780076 69061.27694370362 Birmingham_0_0
12300 33846 69062.66621374825 69070.06569965111 Aylesford_1_0
12155 33701 69070.11710947419 69077.51659537705 Aylesford_0_0
6244 16255 69083.58305535943 69090.98254126229 Shannon_0_1
6168 16179 69091.10601026549 69098.50549616835 Shannon_0_0
10639 30517 69188.6134622395 69196.01294814236 Vigo_0_1
10581 30459 69196.06678004256 69203.46626594542 Vigo_0_0
8931 24409 69276.98220998049 69284.38169588335 Vila Franca Xira_1_1
8819 24297 69284.45002833114 69291.849514234 Vila Franca Xira_0_1
8875 24353 69291.96000329271 69299.35948919557 Vila Franca Xira_1_0
8763 24241 69299.4271344239 69306.82662032676 Vila Franca Xira_0_0
1126 2935 70248.77965077758 70256.17913668044 Rio De Janeiro_1_0
1078 2887 70256.79034395503 70264.18982985789 Rio De Janeiro_0_0
930 2598 70276.56359916925 70283.96308507212 Campinas_0_1
882 2550 70284.06543966722 70291.46492557008 Campinas_0_0
1028 2788 70327.9118565619 70335.31134246476 Paranagua_0_0
977 2645 70336.6847078935 70344.08419379636 Curitiba_0_0
12770 36236 70532.03356206417 70539.43304796703 Montevideo_1_1
12662 36128 70539.57740424278 70546.97689014564 Montevideo_0_1
12716 36182 70547.18947242183 70554.58895832469 Montevideo_1_0
12608 36074 70554.73452332294 70562.1340092258 Montevideo_0_0
341 641 72185.63028377295 72193.0297696758 Derrimut_1_0
239 539 72193.46126166929 72200.86074757215 Derrimut_0_0
392 692 72201.44827854836 72208.84776445122 Derrimut_1_1
290 590 72209.27756346883 72216.67704937169 Derrimut_0_1
496 995 72271.47749084234 72278.8769767452 Sydney_0_0
548 1047 72278.94558093068 72286.34506683354 Sydney_0_1
133 339 72316.12412161607 72323.52360751893 Adelaide_1_0
29 235 72324.0907290343 72331.49021493716 Adelaide_0_0
185 391 72332.20925970687 72339.60874560973 Adelaide_1_1
81 287 72340.17815581844 72347.5776417213 Adelaide_0_1
8499 22563 73122.1857444942 73129.58523039706 Manila_1_0
8417 22481 73129.8528967694 73137.25238267226 Manila_0_0
8540 22604 73137.59063132264 73144.9901172255 Manila_1_1
8458 22522 73145.2595715759 73152.65905747876 Manila_0_1
11188 32176 73238.80580314994 73246.2052890528 Kaohsiung_0_0
11467 32545 73246.49453054582 73253.89401644868 Tainan_1_0
11421 32499 73254.21817070394 73261.6176566068 Tainan_0_0
11693 32771 73265.34435379686 73272.74383969972 Teiyuan_0_0
11603 32681 73272.74383969972 73280.14332560258 Taoyuan_0_0
11513 32591 73280.8542317367 73288.25371763956 Taipei_0_0
11233 32221 73288.803439393 73296.20292529586 Linkou_0_0
1641 5044 73354.05719935894 73361.4566852618 Guangzhou_1_0
11738 32816 73373.06954797657 73380.46903387943 Teiyuan_0_1
11648 32726 73380.46903387943 73387.86851978229 Taoyuan_0_1
1553 4956 73399.58628638933 73406.98577229219 Guangzhou_0_0
11558 32636 73419.41847571351 73426.81796161637 Taipei_0_1
2252 6122 73434.14401454038 73441.54350044324 Xiamen_0_0
11278 32266 73448.31682069293 73455.71630659579 Linkou_0_1
11371 32359 73457.98102597658 73465.38051187944 Nankan_1_0
11323 32311 73465.73224115143 73473.1317270543 Nankan_0_0
1830 5233 73480.46811913041 73487.86760503327 Ningbo_1_0
1731 5134 73488.36416117077 73495.76364707363 Ningbo_0_0
1879 5282 73496.40814220326 73503.80762810612 Ningbo_1_1
1781 5184 73504.30612223182 73511.70560813468 Ningbo_0_1
2146 5549 73512.57371585829 73519.97320176115 Shanghai_0_0
2196 5599 73520.12471930178 73527.52420520464 Shanghai_0_1
9944 28229 73551.75937121645 73559.15885711931 Seoul_1_0
9895 28182 73559.6099468011 73567.00943270396 Seoul_0_0
12771 36237 76395.93387421966 76403.33336012252 Montevideo_1_1
12663 36129 76403.4677768756 76410.86726277845 Montevideo_0_1
12717 36183 76411.01521466939 76418.41470057225 Montevideo_1_0
12609 36075 76418.54845331183 76425.94793921469 Montevideo_0_0
447 947 78220.43347275257 78227.83295865543 Perth_0_0
1642 5045 79171.59280529618 79178.99229119904 Guangzhou_1_0
1554 4957 79179.14249810208 79186.54198400494 Guangzhou_0_0
1686 5089 79186.7131515281 79194.11263743097 Guangzhou_1_1
1598 5001 79194.26205128162 79201.66153718448 Guangzhou_0_1
5238 12738 79324.3534091115 79331.75289501436 Ahmedabad_0_0
1505 4770 79379.46852402009 79386.86800992295 Chongqing_1_0
1456 4721 79387.22264154421 79394.62212744707 Chongqing_0_0
5286 12786 79441.94416660622 79449.34365250908 Ahmedabad_0_1
1403 4619 79549.24286797643 79556.64235387929 Beijing_0_0
7187 18975 79669.77131643891 79677.17080234177 Almaty_1_0
7069 18857 79677.23213194663 79684.63161784949 Almaty_0_0
7246 19034 79684.73880764583 79692.13829354869 Almaty_1_1
7128 18916 79692.20028593465 79699.59977183751 Almaty_0_1
15303 42229 81139.77841645479 81147.17790235765 Ironton_0_0
15368 42294 81147.2380599258 81154.63754582866 Ironton_1_0
1189 3439 81169.96687184423 81177.36635774709 Brampton_0_0
15030 41517 81201.39003765577 81208.78952355863 Hebron_1_1
14927 41414 81209.25824927737 81216.65773518023 Hebron_0_1
14978 41465 81217.30182752886 81224.70131343172 Hebron_1_0
14875 41362 81225.16891762472 81232.56840352758 Hebron_0_0
17387 49404 81234.72549963158 81242.12498553444 Watertown_0_0
13396 38379 81268.45781105931 81275.85729696217 Columbus_1_0
13346 38329 81276.1673374659 81283.56682336876 Columbus_0_0
15942 43492 81286.89879876231 81294.29828466517 Little Hocking_1_0
15893 43443 81294.67725386315 81302.07673976601 Little Hocking_0_0
16486 45877 81311.17251232994 81318.5719982328 New Johnsonville_0_1
15240 41972 81320.65305206353 81328.05253796639 Huntsville_1_1
15136 41868 81328.27881787838 81335.67830378124 Huntsville_0_1
15188 41920 81335.94053768132 81343.34002358418 Huntsville_1_0
15084 41816 81343.56770170719 81350.96718761005 Huntsville_0_0
14628 41069 81351.5098746456 81358.90936054847 Greenville_0_1
13906 39498 81362.27559703059 81369.67508293345 Edison_0_1
17134 48698 81377.95273224656 81385.35221814942 Tampa_1_1
17036 48600 81385.88879913215 81393.28828503501 Tampa_0_1
17085 48649 81393.94248376205 81401.3419696649 Tampa_1_0
16988 48552 81401.88171102118 81409.28119692404 Tampa_0_0
6053 15511 84885.68123537302 84893.08072127588 Salem_1_0
5965 15423 84893.74788393031 84901.14736983317 Salem_0_0
6097 15555 84901.96335207295 84909.36283797582 Salem_1_1
6009 15467 84910.03162473811 84917.43111064097 Salem_0_1
5918 15202 84973.09170806408 84980.49119396694 Panjim_0_0
5514 13189 85039.02353402972 85046.42301993258 Calcultta_0_0
5559 13232 85046.50279324781 85053.90227915067 Calcultta_0_1
5763 14119 85086.82328235397 85094.22276825683 Indore_1_0
5718 14074 85094.68606081615 85102.08554671901 Indore_0_0
5858 14400 85104.30285508413 85111.70234098699 Kanpur_1_0
5812 14354 85112.20408946995 85119.6035753728 Kanpur_0_0
5656 13414 85182.2083671987 85189.60785310157 Chandigarh_1_0
5607 13365 85190.20998817019 85197.60947407305 Chandigarh_0_0
8318 22299 85205.27169226027 85212.67117816313 Lahore_1_0
8266 22247 85213.11171901114 85220.511204914 Lahore_0_1
7188 18976 85381.84410476685 85389.2435906697 Almaty_1_0
7070 18858 85389.62482105524 85397.0243069581 Almaty_0_0
7247 19035 85397.49663041039 85404.89611631325 Almaty_1_1
7129 18917 85405.2745740638 85412.67405996667 Almaty_0_1
