4955 12308 0.0 7.399485902854087 Stuttgart_1_0
2715 8130 34.68464526285227 42.08413116570636 Bordeaux_1_0
10107 29084 47.97958472268989 55.37907062554398 Coslada_0_1
10052 29031 55.4501226463483 62.84960854920239 Coslada_0_0
3248 9204 106.94490075740961 114.3443866602637 Berlin_0_0
4007 10102 125.70285755077592 133.10234345363 Frankfurt_0_0
10746 30624 163.80897296053303 171.2084588633871 Vitoria-Gasteiz_0_1
793 1292 213.33209102298724 220.73157692584132 Linz_1_0
4588 10835 227.2696317016186 234.6691176044727 Hannover_1_1
4153 10248 239.12126682334136 246.52075272619544 Frankfurt_1_0
12212 33758 265.88510647076623 273.28459237362034 Aylesford_0_1
10998 31182 303.7745398958386 311.1740257986927 Gothenburg_1_0
3929 9882 323.93336750609745 331.33285340895156 Dortmund_1_1
7918 21180 337.1577720053429 344.557257908197 Eindhoven_0_0
3551 9507 354.8364093278443 362.2358952306984 Bremen_1_0
11088 31272 370.6060289417996 378.0055148446537 Gothenburg_1_1
2318 7115 378.4147061406366 385.8141920434907 Hvidovre_0_0
10820 31004 385.93063791134153 393.33012381419564 Gothenburg_0_0
12059 33605 421.7040102105734 429.1034961134275 Aberdeen_0_0
7990 21694 2603.9812064170837 2611.3806923199377 Auckland_0_0
8101 21862 2613.6081511973393 2621.0076371001933 Hamilton_0_1
8045 21806 2621.179443291526 2628.5789291943797 Hamilton_0_0
8751 24229 5578.354654312134 5585.754140214988 Vila Franca Xira_0_0
8863 24341 5586.122766352298 5593.522252255152 Vila Franca Xira_1_0
8807 24285 5593.810533567001 5601.210019469855 Vila Franca Xira_0_1
8919 24397 5601.576065527326 5608.9755514301805 Vila Franca Xira_1_1
10341 29896 5616.936353460895 5624.335839363749 Linares_0_0
10394 29949 5624.517983964847 5631.917469867702 Linares_1_0
10285 29840 5632.003702534678 5639.403188437533 Las Rozas_0_0
10053 29032 5639.712452886179 5647.111938789033 Coslada_0_0
10108 29085 5647.133521597627 5654.533007500481 Coslada_0_1
9984 28267 5654.843914883303 5662.2434007861575 Alovera_0_0
10569 30447 5669.431094514651 5676.830580417505 Vigo_0_0
10627 30505 5676.895920183415 5684.295406086269 Vigo_0_1
10514 30392 5693.648607219962 5701.048093122817 Valencia_0_0
10686 30564 5702.543726990276 5709.94321289313 Vitoria-Gasteiz_0_0
10452 30118 5710.880510646818 5718.279996549672 Santander_0_0
10747 30625 5719.231536214417 5726.631022117272 Vitoria-Gasteiz_0_1
10163 29140 5729.550671844633 5736.9501577474875 El Prat De Llobregat_0_0
10219 29196 5737.026231189737 5744.425717092591 El Prat De Llobregat_1_0
2590 8005 5745.835786289629 5753.2352721924835 Bordeaux_0_0
2716 8131 5753.334069742026 5760.733555644881 Bordeaux_1_0
2653 8068 5760.82702797141 5768.226513874264 Bordeaux_0_1
2780 8195 5768.324884518133 5775.724370420988 Bordeaux_1_1
6154 16165 5807.474605053663 5814.874090956518 Shannon_0_0
6230 16241 5814.913292803645 5822.3127787065 Shannon_0_1
12434 34278 5845.07183098793 5852.471316890785 Birmingham_0_0
12508 34352 5852.565673178851 5859.965159081706 Birmingham_1_0
3105 8790 5861.966644748538 5869.366130651392 Roissy Cdg Cedex_0_0
12140 33686 5870.24691241196 5877.646398314814 Aylesford_0_0
3173 8858 5878.52433926502 5885.923825167874 Roissy Cdg Cedex_0_1
12286 33832 5886.726977347459 5894.1264632503135 Aylesford_1_0
12213 33759 5894.202671081028 5901.602156983882 Aylesford_0_1
12358 33904 5901.676675594239 5909.076161497093 Aylesford_1_1
12060 33606 5921.1323128044605 5928.531798707315 Aberdeen_0_0
853 2088 5940.087745040655 5947.4872309435095 SCHOTEN_0_1
538 1037 8482.871787160635 8490.271273063488 Sydney_0_1
486 985 8490.432305899752 8497.831791802606 Sydney_0_0
381 681 8585.261770427227 8592.66125633008 Derrimut_1_1
279 579 8592.91118986334 8600.310675766194 Derrimut_0_1
330 630 8600.670870630973 8608.070356533826 Derrimut_1_0
228 528 8608.32213023173 8615.721616134584 Derrimut_0_0
174 380 8654.258732795715 8661.658218698569 Adelaide_1_1
122 328 8661.706363075677 8669.10584897853 Adelaide_1_0
70 276 8669.244264884383 8676.643750787236 Adelaide_0_1
18 224 8676.691069035904 8684.090554938757 Adelaide_0_0
6792 18429 13282.34532815218 13289.744814055033 Narita_0_1
6739 18376 13289.826009266064 13297.225495168917 Narita_0_0
7003 18742 13298.190089768086 13305.58957567094 Tokyo_1_1
6899 18638 13305.955227341126 13313.35471324398 Tokyo_0_1
6951 18690 13313.795454651272 13321.194940554125 Tokyo_1_0
6847 18586 13321.56313890142 13328.962624804273 Tokyo_0_0
71 277 14424.350957870483 14431.750443773337 Adelaide_0_1
175 381 14431.96997609488 14439.369461997734 Adelaide_1_1
19 225 14439.555282200698 14446.954768103551 Adelaide_0_0
123 329 14447.172966514438 14454.572452417291 Adelaide_1_0
436 936 14526.786742776632 14534.186228679486 Perth_0_0
280 580 14591.491632212714 14598.891118115567 Derrimut_0_1
229 529 14598.894703319314 14606.294189222168 Derrimut_0_0
382 682 14606.373424039022 14613.772909941876 Derrimut_1_1
331 631 14613.776179719196 14621.17566562205 Derrimut_1_0
12705 36171 16284.779163599014 16292.178649501868 Montevideo_1_0
12597 36063 16292.397698047975 16299.797183950828 Montevideo_0_0
12759 36225 16300.050699626803 16307.450185529657 Montevideo_1_1
12651 36117 16307.67056325691 16315.070049159764 Montevideo_0_1
1020 2780 16389.01333898306 16396.412824885912 Paranagua_0_0
969 2637 16399.313794258185 16406.71328016104 Curitiba_0_0
874 2542 16429.70856514573 16437.108051048584 Campinas_0_0
1069 2878 16447.29306128663 16454.692547189483 Rio De Janeiro_0_0
1117 2926 16455.011962304558 16462.41144820741 Rio De Janeiro_1_0
922 2590 16472.769059035472 16480.168544938326 Campinas_0_1
14968 41455 17529.458542943 17536.858028845854 Hebron_1_0
14865 41352 17537.140955078692 17544.540440981546 Hebron_0_0
15996 44118 17547.47321338962 17554.872699292475 Medford_0_0
15020 41507 17557.393010280528 17564.79249618338 Hebron_1_1
14917 41404 17565.077323215297 17572.47680911815 Hebron_0_1
17378 49397 17573.86027263219 17581.259758535045 Watertown_0_0
15627 42943 17584.689230045944 17592.088715948797 Lansdale_1_0
15678 42994 17592.17891955849 17599.578405461343 Lansdale_1_1
15525 42841 17599.847874956344 17607.247360859197 Lansdale_0_0
15576 42892 17607.33610155037 17614.735587453222 Lansdale_0_1
12823 36745 17616.541933766413 17623.941419669267 Baltimore_0_0
12872 36794 17624.014555967904 17631.414041870758 Baltimore_0_1
13748 39218 17632.098639939137 17639.49812584199 Dulles_1_0
13798 39268 17639.565682029785 17646.965167932638 Dulles_1_1
13647 39117 17647.159388583583 17654.558874486436 Dulles_0_0
13697 39167 17654.625324648972 17662.024810551826 Dulles_0_1
1176 3426 17662.179415192815 17669.57890109567 Brampton_0_0
15932 43482 17672.126968248318 17679.52645415117 Little Hocking_1_0
17479 49496 17727.04416426896 17734.443650171812 West Columbia_0_1
15883 43433 17782.03397806216 17789.433463965015 Little Hocking_0_0
13386 38369 17789.71760599816 17797.117091901015 Columbus_1_0
13336 38319 17797.18105519887 17804.580541101725 Columbus_0_0
1394 4610 19145.438248723745 19152.8377346266 Beijing_0_0
9886 28174 19186.08251098186 19193.481996884715 Seoul_0_0
9935 28221 19193.84830605284 19201.247791955695 Seoul_1_0
2084 5487 19220.082285037905 19227.481770940758 Qingdao_1_1
1976 5379 19228.06946128638 19235.468947189234 Qingdao_0_1
2030 5433 19236.219722272326 19243.61920817518 Qingdao_1_0
1922 5325 19244.20881737146 19251.60830327431 Qingdao_0_0
2188 5591 19261.993632942438 19269.39311884529 Shanghai_0_1
2138 5541 19269.55972839406 19276.959214296912 Shanghai_0_0
1871 5274 19284.47109824419 19291.870584147044 Ningbo_1_1
1773 5176 19292.44625890609 19299.845744808943 Ningbo_0_1
1822 5225 19300.582590243015 19307.98207614587 Ningbo_1_0
1723 5126 19308.55646375598 19315.955949658834 Ningbo_0_0
11363 32351 19351.51849731803 19358.917983220883 Nankan_1_0
11315 32303 19359.54569741324 19366.945183316093 Nankan_0_0
11270 32258 19372.730312598687 19380.12979850154 Linkou_0_1
11550 32628 19380.871663860617 19388.27114976347 Taipei_0_1
11730 32808 19389.036803248564 19396.436289151417 Teiyuan_0_1
11640 32718 19396.436289151417 19403.83577505427 Taoyuan_0_1
11225 32213 19404.005759632564 19411.405245535418 Linkou_0_0
11505 32583 19412.144074426164 19419.543560329017 Taipei_0_0
11685 32763 19420.306188123766 19427.70567402662 Teiyuan_0_0
11595 32673 19427.70567402662 19435.105159929473 Taoyuan_0_0
2245 6115 19446.70766699158 19454.107152894434 Xiamen_0_0
11459 32537 19464.257271698698 19471.65675760155 Tainan_1_0
11413 32491 19472.24351046074 19479.642996363593 Tainan_0_0
11180 32168 19480.330518802108 19487.73000470496 Kaohsiung_0_0
1493 4758 19526.119970787586 19533.51945669044 Chongqing_1_0
1444 4709 19533.644575320344 19541.044061223198 Chongqing_0_0
1676 5079 19553.43148747395 19560.830973376804 Guangzhou_1_1
1588 4991 19561.29806431037 19568.697550213223 Guangzhou_0_1
1632 5035 19569.258824620494 19576.658310523348 Guangzhou_1_0
1544 4947 19577.128363816155 19584.52784971901 Guangzhou_0_0
8450 22514 19619.109578346575 19626.50906424943 Manila_0_1
8532 22596 19626.91465356967 19634.314139472524 Manila_1_1
8409 22473 19634.618719756087 19642.01820565894 Manila_0_0
8491 22555 19642.421295740674 19649.820781643528 Manila_1_0
437 937 20321.075855523348 20328.4753414262 Perth_0_0
12598 36064 22202.050439834595 22209.44992573745 Montevideo_0_0
12706 36172 22209.542337699186 22216.94182360204 Montevideo_1_0
12652 36118 22216.98599539399 22224.385481296842 Montevideo_0_1
12760 36226 22224.477069706314 22231.876555609168 Montevideo_1_1
17076 48640 23192.773798644543 23200.173284547396 Tampa_1_0
16980 48544 23200.695156062982 23208.094641965836 Tampa_0_0
17027 48591 23208.20794732037 23215.607433223224 Tampa_0_1
17125 48689 23216.126266612606 23223.52575251546 Tampa_1_1
7625 20394 23281.891743451357 23289.29122935421 Pachuca_0_0
7671 20440 23289.31964001219 23296.719125915042 Pachuca_0_1
13279 37917 23328.49647280694 23335.895958709792 Chelsea_1_0
13228 37866 23336.496384586204 23343.895870489057 Chelsea_0_0
17428 49445 23355.137642664376 23362.53712856723 West Columbia_0_0
17480 49497 23362.64350934716 23370.042995250013 West Columbia_0_1
15230 41962 23379.184381126 23386.583867028854 Huntsville_1_1
16476 45867 23390.75762525378 23398.157111156634 New Johnsonville_0_1
7532 20301 23427.154803593527 23434.55428949638 Monterrey_0_0
17277 49201 23463.05130461083 23470.450790513685 Vandalia_1_0
17581 49702 23480.230276039034 23487.629761941887 Whitestown_1_0
16219 45371 23507.760246277907 23515.15973218076 Moberly_0_0
13698 39168 23551.549517771506 23558.94900367436 Dulles_0_1
15729 43045 23597.38949660601 23604.788982508864 Laredo_0_0
15422 42534 23622.460978712417 23629.86046461527 Joliet_0_0
14250 40036 23630.534162189488 23637.93364809234 Elk Grove Village_0_0
15628 42944 23660.071099734698 23667.47058563755 Lansdale_1_0
15356 42282 23702.20570109249 23709.605186995344 Ironton_1_0
14918 41405 23746.016101290155 23753.41558719301 Hebron_0_1
15021 41508 23753.49399207594 23760.893477978792 Hebron_1_1
13546 39016 23818.020197069774 23825.419682972628 Denver_1_0
13596 39066 23825.473346122748 23832.8728320256 Denver_1_1
13496 38966 23832.96349571527 23840.362981618124 Denver_0_1
1312 3562 23840.544610096676 23847.94409599953 Calgary_1_0
1240 3490 23848.00757178996 23855.407057692813 Calgary_0_0
1395 4611 25127.80077829957 25135.200264202424 Beijing_0_0
1445 4710 25250.136727243662 25257.536213146515 Chongqing_0_0
1494 4759 25257.67265097948 25265.072136882332 Chongqing_1_0
5277 12777 25330.043111652136 25337.44259755499 Ahmedabad_0_1
5229 12729 25337.513410748325 25344.912896651178 Ahmedabad_0_0
5549 13222 25438.867330253124 25446.266816155978 Calcultta_0_1
5504 13179 25446.295246905764 25453.694732808617 Calcultta_0_0
6088 15546 25668.20725673437 25675.606742637225 Salem_1_1
6044 15502 25675.62682935669 25683.026315259543 Salem_1_0
6000 15458 25683.16418492248 25690.563670825333 Salem_0_1
5956 15414 25690.583103183646 25697.9825890865 Salem_0_0
7626 20395 29026.728206008673 29034.127691911526 Pachuca_0_0
7717 20486 29034.31270603486 29041.712191937713 Pachuca_1_0
7672 20441 29041.867415077 29049.266900979852 Pachuca_0_1
7763 20532 29049.450872992787 29056.85035889564 Pachuca_1_1
7389 19705 29061.96650649196 29069.365992394814 Aguascalientes_0_0
7434 19750 29069.684571317815 29077.08405722067 Aguascalientes_1_0
7484 20073 29105.316386282444 29112.715872185297 Matamoros_0_0
7533 20302 29122.23942741462 29129.638913317474 Monterrey_0_0
7579 20348 29129.838506351134 29137.237992253988 Monterrey_1_0
14150 39936 29185.87376612425 29193.273252027102 Elgin_1_0
14052 39838 29193.880291471018 29201.27977737387 Elgin_0_0
14199 39985 29202.03841875608 29209.437904658935 Elgin_1_1
14101 39887 29210.04289507014 29217.442380972992 Elgin_0_1
16641 46324 29221.529040511476 29228.92852641433 Phoenix_0_0
16694 46377 29229.092967183995 29236.49245308685 Phoenix_0_1
15473 42789 29259.28016218543 29266.679648088284 Lakewood_0_0
17628 49749 29266.98410936365 29274.383595266503 Wilmington_0_0
13122 37489 29274.41587833915 29281.815364242004 Carson_0_0
13172 37539 29281.93505785854 29289.334543761393 Carson_0_1
13426 38671 29336.634011731618 29344.03349763447 Dallas_0_1
13447 38917 29351.0749994008 29358.474485303654 Denver_0_0
13547 39017 29358.718490753334 29366.117976656187 Denver_1_0
13497 38967 29366.31978070787 29373.719266610722 Denver_0_1
13597 39067 29373.961687671883 29381.361173574736 Denver_1_1
16869 47667 29396.324413175436 29403.72389907829 Salt Lake City_1_0
16769 47567 29404.232763911034 29411.632249813887 Salt Lake City_0_0
16918 47716 29412.28132534532 29419.680811248174 Salt Lake City_1_1
16819 47617 29420.186892812322 29427.586378715176 Salt Lake City_0_1
16156 44679 29450.28561566317 29457.685101566025 Metaire_0_0
1313 3563 29495.73364391923 29503.133129822083 Calgary_1_0
1241 3491 29503.525169017546 29510.9246549204 Calgary_0_0
7235 19023 30913.8577567935 30921.257242696352 Almaty_1_1
7117 18905 30921.712979748456 30929.11246565131 Almaty_0_1
7176 18964 30929.746852227792 30937.146338130646 Almaty_1_0
7058 18846 30937.60101861726 30945.000504520114 Almaty_0_0
8360 22341 31115.593321055174 31122.992806958027 Lahore_1_1
8257 22238 31123.46023486936 31130.859720772212 Lahore_0_1
8309 22290 31131.47160710307 31138.871093005924 Lahore_1_0
8207 22188 31139.3363974597 31146.735883362555 Lahore_0_0
5598 13356 31153.15811944542 31160.557605348273 Chandigarh_0_0
5647 13405 31160.874383136117 31168.27386903897 Chandigarh_1_0
8159 22140 31244.77094605565 31252.170431958504 Karachi_0_0
5371 12957 31274.456439911974 31281.855925814827 Baroda_0_1
5459 13045 31282.315067083975 31289.71455298683 Baroda_1_1
5327 12913 31290.04824695355 31297.447732856403 Baroda_0_0
5415 13001 31297.904384309517 31305.30387021237 Baroda_1_0
5802 14344 31307.7133614585 31315.112847361353 Kanpur_0_0
5848 14390 31315.494552730317 31322.89403863317 Kanpur_1_0
5708 14064 31323.796101859203 31331.195587762057 Indore_0_0
5753 14109 31331.59371157136 31338.993197474214 Indore_1_0
5550 13223 31380.512040019035 31387.91152592189 Calcultta_0_1
5505 13180 31387.941526821294 31395.341012724148 Calcultta_0_0
5909 15193 31402.119318362846 31409.5188042657 Panjim_0_0
6001 15459 31516.272463172674 31523.671949075528 Salem_0_1
6089 15547 31523.784044627053 31531.183530529906 Salem_1_1
5957 15415 31531.26466024378 31538.664146146635 Salem_0_0
6045 15503 31538.77546601989 31546.174951922745 Salem_1_0
11776 32973 37034.0627656579 37041.462251560755 Ankara_0_0
6410 17053 37104.67724248767 37112.07672839052 Migdal Haemek_0_1
6360 17003 37112.10117604256 37119.500661945414 Migdal Haemek_0_0
6307 16755 37128.6165471673 37136.016033070155 Lod_0_0
2525 7322 37244.62979352474 37252.029279427596 Alexandria_0_1
2476 7273 37252.03500948793 37259.434495390786 Alexandria_0_0
7333 19163 37812.34973987937 37819.74922578222 Lilongwe_0_1
7291 19121 37819.90053888932 37827.300024792174 Lilongwe_0_0
9501 27153 37982.49685412645 37989.89634002931 Polokwane_1_1
9408 27060 37990.39430018031 37997.793786083166 Polokwane_0_1
9454 27106 37998.42982171712 38005.82930761998 Polokwane_1_0
9362 27015 38006.32959683029 38013.729082733145 Polokwane_0_0
7864 21054 38026.64107240044 38034.04055830329 Maputo_0_1
7818 21008 38034.20333991848 38041.602825821334 Maputo_0_0
9784 27641 38056.54191517277 38063.94140107562 Spartan_0_1
9284 25408 38064.120249140055 38071.51973504291 Bedfordview_0_1
9693 27551 38071.79057915307 38079.190065055926 Roodepoort_1_1
9738 27596 38079.76911065704 38087.168596559895 Spartan_0_0
9600 27459 38088.171580236 38095.57106613885 Roodepoort_0_1
9238 25363 38096.39430994396 38103.79379584681 Bedfordview_0_0
9646 27505 38104.06613856348 38111.465624466335 Roodepoort_1_0
9553 27412 38111.891921767645 38119.2914076705 Roodepoort_0_0
9831 27785 38120.66632599346 38128.06581189631 Welkom_0_0
11089 31273 42612.07540681958 42619.474892722435 Gothenburg_1_1
10910 31094 42619.5706688512 42626.97015475405 Gothenburg_0_1
10999 31183 42627.06859470902 42634.46808061187 Gothenburg_1_0
10821 31005 42634.56436589668 42641.96385179953 Gothenburg_0_0
2403 7200 42646.652379244566 42654.05186514742 Hvidovre_1_0
2319 7116 42654.16010514672 42661.559591049576 Hvidovre_0_0
8670 23418 42671.81146971745 42679.21095562031 Warsaw_0_1
8593 23341 42679.295167513985 42686.69465341684 Warsaw_0_0
3323 9279 42696.06693753062 42703.46642343347 Berlin_1_0
3249 9205 42703.5992236186 42710.99870952145 Berlin_0_0
3629 9585 42724.34222611785 42731.7417120207 Bremen_1_1
4589 10836 42732.213643264324 42739.61312916718 Hannover_1_1
3475 9431 42740.163988672524 42747.56347457538 Bremen_0_1
3552 9508 42747.64091799127 42755.04040389413 Bremen_1_0
4443 10690 42755.42498869318 42762.82447459603 Hannover_0_1
3398 9354 42763.28829889292 42770.68778479577 Bremen_0_0
4370 10617 42771.1522311222 42778.55171702505 Hannover_0_0
9109 25098 42786.04954044443 42793.44902634728 Senec_0_0
794 1293 42797.15070543294 42804.550191335795 Linz_1_0
727 1226 42804.721858767516 42812.12134467037 Linz_0_0
9041 24629 42839.81780205764 42847.21728796049 Otopeni_0_1
662 1161 42873.20066452819 42880.60015043104 Graz_1_0
596 1095 42880.8077584159 42888.20724431875 Graz_0_0
3930 9883 42894.35053765436 42901.750023557215 Dortmund_1_1
3855 9811 42901.752735806615 42909.15222170947 Dortmund_1_0
3705 9661 42909.22301536574 42916.62250126859 Dortmund_0_0
4226 10321 42917.25495674232 42924.65444264517 Frankfurt_1_1
4081 10176 42924.73797556158 42932.13746146443 Frankfurt_0_1
4154 10249 42932.22135222452 42939.620838127375 Frankfurt_1_0
4008 10103 42939.70470285416 42947.10418875701 Frankfurt_0_0
5163 12513 42947.73456759168 42955.134053494534 Troisdorf-Spich_1_0
5093 12446 42955.20321485911 42962.60270076196 Troisdorf-Spich_0_0
5024 12377 42963.661107381144 42971.060593284 Stuttgart_1_1
4669 11343 42972.186127139714 42979.58561304257 Koeln_0_0
4889 12242 42980.61966752875 42988.0191534316 Stuttgart_0_1
4740 11411 42988.393623558404 42995.79310946126 Mannheim_0_0
11986 33183 43039.68011846581 43047.079604368664 Istanbul_1_1
11881 33078 43047.4505136209 43054.84999952375 Istanbul_0_1
11934 33131 43055.37174575184 43062.7712316547 Istanbul_1_0
11829 33026 43063.140183160336 43070.53966906319 Istanbul_0_0
4297 10392 43114.50702910101 43121.906515003866 Freiburg_0_0
6670 17785 43122.74122177035 43130.14070767321 Milan_1_1
6540 17655 43130.240235017176 43137.63972092003 Milan_0_1
6605 17720 43137.74421291564 43145.143698818494 Milan_1_0
6475 17590 43145.24366016333 43152.643146066184 Milan_0_0
6718 17950 43155.6670182765 43163.066504179355 Rome_1_0
3040 8725 43167.08458363279 43174.48406953565 Nice_0_1
2977 8662 43174.485732017805 43181.88521792066 Nice_0_0
2526 7323 43234.437074532245 43241.8365604351 Alexandria_0_1
2477 7274 43241.919384104964 43249.31887000782 Alexandria_0_0
6411 17054 43253.790224834665 43261.18971073752 Migdal Haemek_0_1
6361 17004 43261.23769682653 43268.637182729384 Migdal Haemek_0_0
6308 16756 43268.769862497495 43276.16934840035 Lod_0_0
8046 21807 45959.12645402551 45966.52593992836 Hamilton_0_0
8102 21863 45966.53233465253 45973.93182055539 Hamilton_0_1
7991 21695 45983.15235826373 45990.551844166584 Auckland_0_0
11090 31274 48445.81858167052 48453.218067573376 Gothenburg_1_1
10911 31095 48453.5031145899 48460.90260049275 Gothenburg_0_1
11000 31184 48461.40407948531 48468.80356538817 Gothenburg_1_0
10822 31006 48469.08745137452 48476.486937277376 Gothenburg_0_0
2404 7201 48483.794425815344 48491.1939117182 Hvidovre_1_0
12061 33607 48522.91349088195 48530.3129767848 Aberdeen_0_0
3630 9586 48558.471824192384 48565.87131009524 Bremen_1_1
3476 9432 48566.19926984811 48573.598755750965 Bremen_0_1
3553 9509 48574.123534278544 48581.5230201814 Bremen_1_0
3324 9280 48589.271344864566 48596.67083076742 Berlin_1_0
3250 9206 48596.87349656919 48604.272982472045 Berlin_0_0
4590 10837 48609.47745042782 48616.87693633067 Hannover_1_1
4517 10764 48617.05916349286 48624.45864939571 Hannover_1_0
4371 10618 48624.75283346929 48632.152319372144 Hannover_0_0
8671 23419 48643.90051426427 48651.300000167124 Warsaw_0_1
8594 23342 48651.384913058646 48658.7843989615 Warsaw_0_0
7920 21182 48678.53929277694 48685.938778679796 Eindhoven_0_0
4670 11344 48689.958695916706 48697.35818181956 Koeln_0_0
5094 12447 48697.86337537263 48705.262861275485 Troisdorf-Spich_0_0
12359 33905 48722.4388473119 48729.83833321476 Aylesford_1_1
12287 33833 48730.00201466669 48737.40150056954 Aylesford_1_0
12141 33687 48737.83046963085 48745.2299555337 Aylesford_0_0
4227 10322 48766.706669502375 48774.10615540523 Frankfurt_1_1
4082 10177 48774.41091409167 48781.81039999452 Frankfurt_0_1
4155 10250 48782.28724391038 48789.686729813235 Frankfurt_1_0
4009 10104 48789.98978672657 48797.38927262942 Frankfurt_0_0
6231 16242 48836.023698873134 48843.42318477599 Shannon_0_1
6155 16166 48843.449519403985 48850.84900530684 Shannon_0_0
4957 12310 48891.93032790538 48899.32981380823 Stuttgart_1_0
4822 12175 48899.60298286521 48907.00246876806 Stuttgart_0_0
3174 8859 48922.66971236787 48930.06919827072 Roissy Cdg Cedex_0_1
4298 10393 48944.12932560989 48951.52881151274 Freiburg_0_0
9110 25099 48962.15212135829 48969.55160726114 Senec_0_0
597 1096 48970.292062490815 48977.69154839367 Graz_0_0
663 1162 48977.81072852129 48985.21021442414 Graz_1_0
2911 8397 48998.92408064517 49006.323566548024 Lyon_1_0
6541 17656 49014.31583962781 49021.71532553066 Milan_0_1
6671 17786 49021.954270494054 49029.35375639691 Milan_1_1
6606 17721 49029.48088023269 49036.88036613554 Milan_1_0
3041 8726 49038.824818085486 49046.22430398834 Nice_0_1
2978 8663 49046.360871746336 49053.76035764919 Nice_0_0
10453 30119 49083.292459552235 49090.69194545509 Santander_0_0
10748 30626 49094.25842859694 49101.657914499796 Vitoria-Gasteiz_0_1
10220 29197 49118.684070385716 49126.08355628857 El Prat De Llobregat_1_0
10164 29141 49126.552657659384 49133.95214356224 El Prat De Llobregat_0_0
9985 28268 49150.13847494639 49157.537960849244 Alovera_0_0
10628 30506 49171.48899262585 49178.8884785287 Vigo_0_1
10570 30448 49178.938325817835 49186.33781172069 Vigo_0_0
10054 29033 49199.40402195529 49206.803507858145 Coslada_0_0
10286 29841 49207.797353940274 49215.19683984313 Las Rozas_0_0
10395 29950 49218.5422744552 49225.94176035805 Linares_1_0
8920 24398 49240.51417744463 49247.913663347485 Vila Franca Xira_1_1
8808 24286 49248.212597050966 49255.61208295382 Vila Franca Xira_0_1
8864 24342 49255.968837932895 49263.36832383575 Vila Franca Xira_1_0
8752 24230 49263.66934011765 49271.068826020506 Vila Franca Xira_0_0
8047 21808 51762.71866154671 51770.11814744956 Hamilton_0_0
8103 21864 51770.2156260081 51777.615111910956 Hamilton_0_1
7992 21696 51778.33979833126 51785.739284234114 Auckland_0_0
487 986 51940.91442069411 51948.313906596966 Sydney_0_0
539 1038 51948.32535985462 51955.724845757475 Sydney_0_1
6740 18377 53032.40737015009 53039.80685605294 Narita_0_0
6793 18430 53039.90774033389 53047.30722623674 Narita_0_1
6952 18691 53048.07154948464 53055.47103538749 Tokyo_1_0
6848 18587 53055.701443102014 53063.10092900487 Tokyo_0_0
7004 18743 53063.4272103425 53070.826696245356 Tokyo_1_1
6900 18639 53071.05881585411 53078.45830175696 Tokyo_0_1
12062 33608 54382.91823229194 54390.31771819479 Aberdeen_0_0
10912 31096 54409.128366827965 54416.52785273082 Gothenburg_0_1
11091 31275 54416.55969865257 54423.959184555424 Gothenburg_1_1
10823 31007 54423.98528894355 54431.3847748464 Gothenburg_0_0
11001 31185 54431.41612284067 54438.81560874352 Gothenburg_1_0
6232 16243 54463.70463728905 54471.1041231919 Shannon_0_1
6156 16167 54471.23114821096 54478.63063411381 Shannon_0_0
12436 34280 54485.66800650954 54493.067492412396 Birmingham_0_0
12510 34354 54493.142007623945 54500.5414935268 Birmingham_1_0
12215 33761 54525.653051018715 54533.05253692157 Aylesford_0_1
12360 33906 54533.10681069159 54540.506296594445 Aylesford_1_1
12142 33688 54540.51038795493 54547.90987385778 Aylesford_0_0
12288 33834 54547.96347809474 54555.36296399759 Aylesford_1_0
10629 30507 54687.58209347725 54694.9815793801 Vigo_0_1
10571 30449 54695.03742982143 54702.43691572428 Vigo_0_0
10454 30120 54737.584106981754 54744.98359288461 Santander_0_0
8809 24287 54769.853039354086 54777.25252525694 Vila Franca Xira_0_1
8921 24399 54777.32462189294 54784.724107795795 Vila Franca Xira_1_1
8753 24231 54784.751637884394 54792.15112378725 Vila Franca Xira_0_0
8865 24343 54792.222505304584 54799.62199120744 Vila Franca Xira_1_0
1118 2927 55753.8771815598 55761.276667462655 Rio De Janeiro_1_0
1070 2879 55761.86371120689 55769.26319710974 Rio De Janeiro_0_0
923 2591 55783.55339196324 55790.9528778661 Campinas_0_1
875 2543 55791.049857560865 55798.44934346372 Campinas_0_0
1021 2781 55835.167824447155 55842.56731035001 Paranagua_0_0
970 2638 55843.852831732336 55851.25231763519 Curitiba_0_0
12761 36227 56041.357029527426 56048.75651543028 Montevideo_1_1
12707 36173 56048.82183831822 56056.22132422107 Montevideo_1_0
12653 36119 56056.42283155776 56063.82231746061 Montevideo_0_1
12599 36065 56063.886487955104 56071.28597385796 Montevideo_0_0
332 632 57688.68073242903 57696.08021833188 Derrimut_1_0
230 530 57696.530461610004 57703.92994751286 Derrimut_0_0
383 683 57704.54024443578 57711.939730338636 Derrimut_1_1
281 581 57712.38843290502 57719.78791880787 Derrimut_0_1
124 330 57750.12540644407 57757.524892346926 Adelaide_1_0
20 226 57758.08152363812 57765.48100954097 Adelaide_0_0
176 382 57766.18381377009 57773.583299672944 Adelaide_1_1
72 278 57774.14247036651 57781.541956269364 Adelaide_0_1
488 987 57812.64972305105 57820.049208953904 Sydney_0_0
540 1039 57820.12090557017 57827.52039147302 Sydney_0_1
8492 22556 58630.086325615644 58637.4858115185 Manila_1_0
8533 22597 58637.552130019976 58644.95161592283 Manila_1_1
8410 22474 58645.26713975985 58652.66662566271 Manila_0_0
8451 22515 58652.731267194154 58660.13075309701 Manila_0_1
11181 32169 58745.811258494854 58753.21074439771 Kaohsiung_0_0
11460 32538 58753.48332611286 58760.88281201571 Tainan_1_0
11414 32492 58761.18589938433 58768.58538528718 Tainan_0_0
11506 32584 58772.76158481907 58780.16107072192 Taipei_0_0
11686 32764 58780.830054226404 58788.22954012926 Teiyuan_0_0
11596 32674 58788.22954012926 58795.62902603211 Taoyuan_0_0
11226 32214 58795.781423337095 58803.18090923995 Linkou_0_0
11551 32629 58803.81429044048 58811.213776343335 Taipei_0_1
11641 32719 58811.886750357415 58819.28623626027 Taoyuan_0_1
11731 32809 58819.28623626027 58826.68572216312 Teiyuan_0_1
11271 32259 58826.83913158056 58834.23861748341 Linkou_0_1
11364 32352 58836.35690805459 58843.75639395745 Nankan_1_0
2246 6116 58847.988953951804 58855.38843985466 Xiamen_0_0
11316 32304 58859.29120726196 58866.69069316481 Nankan_0_0
1823 5226 58873.65409462534 58881.05358052819 Ningbo_1_0
1724 5127 58881.52600002259 58888.92548592544 Ningbo_0_0
1872 5275 58889.54102337121 58896.94050927406 Ningbo_1_1
1774 5177 58897.41499895972 58904.814484862574 Ningbo_0_1
2139 5542 58905.65807565053 58913.05756155338 Shanghai_0_0
2189 5592 58913.20452838036 58920.60401428321 Shanghai_0_1
1633 5036 58936.818263297886 58944.21774920074 Guangzhou_1_0
1677 5080 58944.25402125758 58951.65350716043 Guangzhou_1_1
1545 4948 58951.78814152677 58959.18762742962 Guangzhou_0_0
1589 4992 58959.22313009255 58966.6226159954 Guangzhou_0_1
2031 5434 58984.41572346743 58991.81520937028 Qingdao_1_0
1923 5326 58992.291038776035 58999.69052467889 Qingdao_0_0
2085 5488 59000.32606351032 59007.725549413175 Qingdao_1_1
9936 28222 59030.3722831282 59037.77176903105 Seoul_1_0
9887 28175 59038.24222052627 59045.64170642912 Seoul_0_0
1977 5380 59068.29539792488 59075.69488382773 Qingdao_0_1
6849 18588 59116.01174552613 59123.41123142898 Tokyo_0_0
6901 18640 59123.41686276062 59130.81634866347 Tokyo_0_1
6953 18692 59130.896514392414 59138.29600029527 Tokyo_1_0
7005 18744 59138.30129046785 59145.7007763707 Tokyo_1_1
6741 18378 59145.90196610515 59153.301452008 Narita_0_0
6794 18431 59153.30588271662 59160.70536861947 Narita_0_1
12654 36120 61892.35335341096 61899.75283931381 Montevideo_0_1
12762 36228 61899.89546537114 61907.294951273994 Montevideo_1_1
12600 36066 61907.421660763735 61914.82114666659 Montevideo_0_0
12708 36174 61914.96304873079 61922.36253463364 Montevideo_1_0
438 938 63724.032273590565 63731.43175949342 Perth_0_0
1546 4949 64667.32413285971 64674.72361876256 Guangzhou_0_0
1634 5037 64674.88418730221 64682.283673205064 Guangzhou_1_0
1590 4993 64682.42044095576 64689.81992685861 Guangzhou_0_1
1678 5081 64689.97963188487 64697.37911778772 Guangzhou_1_1
1446 4711 64735.77619215846 64743.175678061314 Chongqing_0_0
1495 4760 64743.55254477052 64750.952030673376 Chongqing_1_0
5230 12730 64837.65066629648 64845.050152199336 Ahmedabad_0_0
5278 12778 64845.087197175075 64852.48668307793 Ahmedabad_0_1
1396 4612 65035.28929254413 65042.68877844698 Beijing_0_0
7236 19024 65182.880975574255 65190.28046147711 Almaty_1_1
7177 18965 65190.32473139762 65197.72421730047 Almaty_1_0
7118 18906 65197.73897282146 65205.138458724316 Almaty_0_1
7059 18847 65205.1820886546 65212.58157455745 Almaty_0_0
1178 3428 66521.88469052315 66529.28417642601 Brampton_0_0
15022 41509 66553.07884259359 66560.47832849645 Hebron_1_1
14919 41406 66560.96261138374 66568.3620972866 Hebron_0_1
14970 41457 66569.02428928437 66576.42377518723 Hebron_1_0
14867 41354 66576.90719892604 66584.3066848289 Hebron_0_0
17380 49399 66586.52868537496 66593.92817127782 Watertown_0_0
15680 42996 66599.06704210248 66606.46652800535 Lansdale_1_1
15578 42894 66607.02016731627 66614.41965321913 Lansdale_0_1
15629 42945 66615.14803055524 66622.5475164581 Lansdale_1_0
15527 42843 66623.10239363172 66630.50187953458 Lansdale_0_0
12874 36796 66634.14494645315 66641.54443235601 Baltimore_0_1
12825 36747 66641.70596310824 66649.1054490111 Baltimore_0_0
13800 39270 66651.07871218368 66658.47819808654 Dulles_1_1
13649 39119 66658.87338342759 66666.27286933045 Dulles_0_0
13388 38371 66680.7486751516 66688.14816105446 Columbus_1_0
15934 43484 66691.00423789216 66698.40372379503 Little Hocking_1_0
14299 40084 66708.01311430003 66715.4126002029 Elk Grove Village_0_1
14720 41160 66715.53121597118 66722.93070187404 Hanover Park_0_1
14251 40037 66723.06244238954 66730.4619282924 Elk Grove Village_0_0
12974 37143 66732.47107804738 66739.87056395024 Carmel_0_1
13023 37192 66740.08589689391 66747.48538279677 Carmel_1_0
17582 49703 66747.73677821939 66755.13626412225 Whitestown_1_0
15357 42283 66760.34236509011 66767.74185099297 Ironton_1_0
17182 49106 66770.34520085619 66777.74468675905 Vandalia_0_0
15832 43382 66785.06986478371 66792.46935068657 Lawrenceville_0_0
16583 45974 66798.38010210935 66805.77958801221 New Johnsonville_1_1
16477 45868 66805.94523704358 66813.34472294644 New Johnsonville_0_1
16530 45921 66813.53175426519 66820.93124016805 New Johnsonville_1_0
16424 45815 66821.09779990917 66828.49728581203 New Johnsonville_0_0
15231 41963 66830.42738598224 66837.8268718851 Huntsville_1_1
13951 39737 66839.37924643197 66846.77873233483 Edwardsville_0_0
16320 45472 66853.5004457702 66860.89993167306 Moberly_1_0
16270 45422 66860.9830705355 66868.38255643836 Moberly_0_1
16220 45372 66868.38537635985 66875.7848622627 Moberly_0_0
13229 37867 66881.06557458019 66888.46506048305 Chelsea_0_0
13898 39490 66891.9019210689 66899.30140697176 Edison_0_1
13849 39441 66899.35836643084 66906.7578523337 Edison_0_0
15730 43046 66915.98590432486 66923.38539022772 Laredo_0_0
14619 41060 66929.39800519912 66936.79749110198 Greenville_0_1
14568 41009 66936.83398192744 66944.2334678303 Greenville_0_0
17126 48690 66955.13627748957 66962.53576339243 Tampa_1_1
17028 48592 66963.04671759377 66970.44620349663 Tampa_0_1
17077 48641 66971.0670931302 66978.46657903306 Tampa_1_0
16981 48545 66978.98067462578 66986.38016052864 Tampa_0_0
14515 40956 67002.17950312635 67009.5789890292 Grapevine_1_1
14463 40904 67009.58595172265 67016.98543762551 Grapevine_1_0
14411 40852 67017.08466832497 67024.48415422783 Grapevine_0_1
14358 40799 67024.49072848157 67031.89021438443 Grapevine_0_0
16097 44219 67032.52700852523 67039.92649442809 Melville_1_0
16047 44169 67040.03727878703 67047.43676468989 Melville_0_0
6046 15504 70390.53960216045 70397.93908806331 Salem_1_0
5958 15416 70398.58137924732 70405.98086515018 Salem_0_0
6090 15548 70406.76775462927 70414.16724053213 Salem_1_1
6002 15460 70414.81150852263 70422.21099442549 Salem_0_1
5910 15194 70479.64722791314 70487.046713816 Panjim_0_0
5506 13181 70540.93818733096 70548.33767323382 Calcultta_0_0
5551 13224 70548.42398542761 70555.82347133047 Calcultta_0_1
5754 14110 70588.81104992655 70596.2105358294 Indore_1_0
5709 14065 70596.64629299627 70604.04577889913 Indore_0_0
5849 14391 70606.1419871057 70613.54147300856 Kanpur_1_0
5803 14345 70614.0153720734 70621.41485797626 Kanpur_0_0
5416 13002 70623.84627591321 70631.24576181607 Baroda_1_0
5328 12914 70631.64691217287 70639.04639807573 Baroda_0_0
5460 13046 70639.56037020098 70646.95985610384 Baroda_1_1
5372 12958 70647.36335795122 70654.76284385409 Baroda_0_1
5231 12731 70698.86960503747 70706.26909094033 Ahmedabad_0_0
5279 12779 70706.29391349806 70713.69339940092 Ahmedabad_0_1
8160 22141 70765.8040320435 70773.20351794636 Karachi_0_0
5648 13406 70802.88367922425 70810.28316512711 Chandigarh_1_0
5599 13357 70810.89581290093 70818.29529880379 Chandigarh_0_0
8310 22291 70825.94000956314 70833.339495466 Lahore_1_0
8208 22189 70833.93454835344 70841.3340342563 Lahore_0_0
8361 22342 70842.09439583798 70849.49388174084 Lahore_1_1
8258 22239 70850.08913721441 70857.48862311727 Lahore_0_1
7060 18848 70884.25893738866 70891.65842329152 Almaty_0_0
7178 18966 70892.0562651289 70899.45575103175 Almaty_1_0
7119 18907 70899.75283261847 70907.15231852133 Almaty_0_1
7237 19025 70907.54729769926 70914.94678360212 Almaty_1_1
15292 42218 72374.07540744543 72381.47489334829 Ironton_0_0
1314 3564 72420.46928979883 72427.86877570169 Calgary_1_0
1242 3492 72427.95861597695 72435.35810187981 Calgary_0_0
14252 40038 72487.85460580194 72495.2540917048 Elk Grove Village_0_0
15424 42536 72495.43026423399 72502.82975013685 Joliet_0_0
1179 3429 72507.16250884591 72514.56199474877 Brampton_0_0
15731 43047 72525.24695597468 72532.64644187754 Laredo_0_0
15780 43096 72532.95432610645 72540.35381200931 Laredo_1_0
16321 45473 72542.49624180618 72549.89572770904 Moberly_1_0
13073 37242 72556.1371920728 72563.53667797566 Carmel_1_1
17231 49155 72565.66269321676 72573.06217911962 Vandalia_0_1
13339 38322 72576.89313857982 72584.29262448268 Columbus_0_0
16870 47668 72638.75429437625 72646.15378027911 Salt Lake City_1_0
16770 47568 72646.3132334302 72653.71271933307 Salt Lake City_0_0
16478 45869 72706.68684190574 72714.0863278086 New Johnsonville_0_1
16531 45922 72714.26278071746 72721.66226662032 New Johnsonville_1_0
14412 40853 72725.18189564093 72732.58138154379 Grapevine_0_1
14464 40905 72732.86788204528 72740.26736794814 Grapevine_1_0
15180 41912 72752.14411336576 72759.54359926863 Huntsville_1_0
16098 44220 72761.9210014572 72769.32048736006 Melville_1_0
14003 39789 72772.35855431655 72779.75804021941 Edwardsville_0_1
14200 39986 72831.25342526006 72838.65291116292 Elgin_1_1
14569 41010 72890.10366308026 72897.50314898312 Greenville_0_0
7580 20349 72912.57887105561 72919.97835695847 Monterrey_1_0
13123 37490 72956.4436107637 72963.84309666656 Carson_0_0
7435 19751 73004.61040995529 73012.00989585815 Aguascalientes_1_0
7390 19706 73012.58810108925 73019.98758699211 Aguascalientes_0_0
7673 20442 73030.73079603339 73038.13028193625 Pachuca_0_1
7764 20533 73038.44500868868 73045.84449459154 Pachuca_1_1
7627 20396 73046.07063625596 73053.47012215882 Pachuca_0_0
7718 20487 73053.78274601571 73061.18223191857 Pachuca_1_0
8161 22142 76618.28340476751 76625.68289067037 Karachi_0_0
6362 17005 76818.71908307076 76826.11856897362 Migdal Haemek_0_0
6412 17055 76826.16209704962 76833.56158295248 Migdal Haemek_0_1
6309 16757 76834.13064001927 76841.53012592213 Lod_0_0
9042 24630 77084.64262238145 77092.04210828431 Otopeni_0_1
8980 24568 77092.0852250308 77099.48471093366 Otopeni_0_0
8672 23420 77178.71694034338 77186.11642624624 Warsaw_0_1
8595 23343 77186.17611835628 77193.57560425914 Warsaw_0_0
11092 31276 77314.21097451448 77321.61046041735 Gothenburg_1_1
11002 31186 77321.67349959689 77329.07298549975 Gothenburg_1_0
10913 31097 77329.09902207005 77336.49850797291 Gothenburg_0_1
10824 31008 77336.56100124201 77343.96048714487 Gothenburg_0_0
2405 7202 77344.51671944787 77351.91620535073 Hvidovre_1_0
2321 7118 77351.94782355623 77359.34730945909 Hvidovre_0_0
1315 3565 78220.8174573183 78228.21694322117 Calgary_1_0
1243 3493 78228.5049954356 78235.90448133847 Calgary_0_0
16821 47619 78414.87698936462 78422.27647526748 Salt Lake City_0_1
16920 47718 78422.41300221556 78429.81248811842 Salt Lake City_1_1
16771 47569 78429.87384373564 78437.2733296385 Salt Lake City_0_0
16871 47669 78437.40865395885 78444.8081398617 Salt Lake City_1_0
13174 37541 78526.36873817444 78533.7682240773 Carson_0_1
13124 37491 78533.86333407158 78541.26281997444 Carson_0_0
15475 42791 78541.43881884932 78548.83830475218 Lakewood_0_0
17630 49751 78548.99193379343 78556.39141969629 Wilmington_0_0
16696 46379 78575.43504324555 78582.83452914841 Phoenix_0_1
16643 46326 78582.88088304557 78590.28036894843 Phoenix_0_0
14103 39889 78656.32655414939 78663.72604005225 Elgin_0_1
14054 39840 78663.76050477978 78671.15999068265 Elgin_0_0
14201 39987 78671.19436998897 78678.59385589183 Elgin_1_1
14152 39938 78678.62768165904 78686.0271675619 Elgin_1_0
7819 21009 81657.3921032846 81664.79158918746 Maputo_0_0
7865 21055 81664.85150705306 81672.25099295592 Maputo_0_1
9832 27786 81700.69320088625 81708.09268678911 Welkom_0_0
9739 27597 81709.54535578778 81716.94484169064 Spartan_0_0
9239 25364 81717.03693779404 81724.4364236969 Bedfordview_0_0
9647 27506 81724.52775455893 81731.9272404618 Roodepoort_1_0
9785 27642 81732.13308778411 81739.53257368697 Spartan_0_1
9285 25409 81739.62516263877 81747.02464854163 Bedfordview_0_1
9694 27552 81747.11649498652 81754.51598088938 Roodepoort_1_1
9554 27413 81754.69296876376 81762.09245466662 Roodepoort_0_0
9601 27460 81762.1130454236 81769.51253132646 Roodepoort_0_1
9455 27107 81771.80988935137 81779.20937525423 Polokwane_1_0
9363 27016 81779.42649404872 81786.82597995158 Polokwane_0_0
9502 27154 81787.0780969708 81794.47758287366 Polokwane_1_1
9409 27061 81794.69597192237 81802.09545782523 Polokwane_0_1
7292 19122 81833.81803822517 81841.21752412803 Lilongwe_0_0
7334 19164 81841.34175421165 81848.74124011451 Lilongwe_0_1
2478 7275 82551.87603402138 82559.27551992424 Alexandria_0_0
2527 7324 82559.3849700144 82566.78445591727 Alexandria_0_1
6310 16758 82578.22473490238 82585.62422080524 Lod_0_0
6363 17006 82596.9858919084 82604.38537781127 Migdal Haemek_0_0
6413 17056 82604.41677506859 82611.81626097145 Migdal Haemek_0_1
11778 32975 82703.0216679573 82710.42115386017 Ankara_0_0
11830 33027 82717.0518402201 82724.45132612296 Istanbul_0_0
11935 33132 82724.82224837736 82732.22173428022 Istanbul_1_0
11882 33079 82732.50785580705 82739.90734170991 Istanbul_0_1
11987 33184 82740.27561547118 82747.67510137404 Istanbul_1_1
8981 24569 82766.65812298656 82774.05760888942 Otopeni_0_0
9043 24631 82774.17778542679 82781.57727132965 Otopeni_0_1
664 1163 82841.13179266453 82848.53127856739 Graz_1_0
9178 25167 82854.11344058422 82861.51292648708 Senec_1_0
9111 25100 82861.91798681684 82869.3174727197 Senec_0_0
796 1295 82875.48992026341 82882.88940616627 Linz_1_0
729 1228 82883.19260964298 82890.59209554584 Linz_0_0
6607 17722 82899.12271562965 82906.52220153251 Milan_1_0
6477 17592 82906.66714424454 82914.0666301474 Milan_0_0
6542 17657 82914.15665337628 82921.55613927914 Milan_0_1
2979 8664 82923.8622848652 82931.26177076806 Nice_0_0
3042 8727 82931.32874423212 82938.72823013498 Nice_0_1
8596 23344 82969.9611711946 82977.36065709747 Warsaw_0_0
8673 23421 82977.53169442894 82984.9311803318 Warsaw_0_1
4823 12176 83012.18637364163 83019.58585954449 Stuttgart_0_0
4891 12244 83019.69985673457 83027.09934263743 Stuttgart_0_1
4299 10394 83028.9375105391 83036.33699644195 Freiburg_0_0
3325 9281 83047.82279058588 83055.22227648874 Berlin_1_0
3251 9207 83055.53860814878 83062.93809405164 Berlin_0_0
4156 10251 83071.78307331837 83079.18255922123 Frankfurt_1_0
4010 10105 83079.35736167 83086.75684757286 Frankfurt_0_0
4083 10178 83086.87763147522 83094.27711737808 Frankfurt_0_1
2912 8398 83099.53681404919 83106.93629995205 Lyon_1_0
2847 8333 83107.02358212217 83114.42306802503 Lyon_0_0
4518 10765 83122.93713164642 83130.33661754928 Hannover_1_0
4372 10619 83130.55591883413 83137.95540473699 Hannover_0_0
4591 10838 83138.32860046532 83145.72808636818 Hannover_1_1
4445 10692 83145.9490562973 83153.34854220015 Hannover_0_1
5165 12515 83157.43080621032 83164.83029211318 Troisdorf-Spich_1_0
5095 12448 83164.98279487013 83172.38228077299 Troisdorf-Spich_0_0
3857 9813 83173.34448375694 83180.7439696598 Dortmund_1_0
4671 11345 83181.78210468462 83189.18159058748 Koeln_0_0
3707 9663 83190.05546385249 83197.45494975535 Dortmund_0_0
3932 9885 83197.74302218849 83205.14250809135 Dortmund_1_1
3554 9510 83207.79988669908 83215.19937260194 Bremen_1_0
3400 9356 83215.40485169516 83222.80433759802 Bremen_0_0
3631 9587 83223.16161986589 83230.56110576875 Bremen_1_1
3477 9433 83230.7682200817 83238.16770598457 Bremen_0_1
2322 7119 83246.47909022379 83253.87857612665 Hvidovre_0_0
7921 21183 83266.8660058326 83274.26549173547 Eindhoven_0_0
3107 8792 83277.35818847637 83284.75767437923 Roissy Cdg Cedex_0_0
11003 31187 83302.86658420174 83310.2660701046 Gothenburg_1_0
10825 31009 83310.58088011054 83317.9803660134 Gothenburg_0_0
10914 31098 83318.20353682825 83325.60302273111 Gothenburg_0_1
12289 33835 83343.54274573132 83350.94223163418 Aylesford_1_0
12361 33907 83351.0159728216 83358.41545872446 Aylesford_1_1
12143 33689 83358.56590991741 83365.96539582027 Aylesford_0_0
12216 33762 83366.03827735831 83373.43776326117 Aylesford_0_1
12511 34355 83373.95481250936 83381.35429841222 Birmingham_1_0
12437 34281 83381.41944222878 83388.81892813164 Birmingham_0_0
12063 33609 83391.12165771477 83398.52114361763 Aberdeen_0_0
