5912 15196 2973.8648901581764 2981.2643760610304 Panjim_0_0
8164 22145 3059.6322327554226 3067.0317186582765 Karachi_0_0
5331 12917 3085.49759721756 3092.8970831204138 Baroda_0_0
5712 14068 3093.2709430653745 3100.6704289682284 Indore_0_0
5375 12961 3101.0305513993403 3108.4300373021943 Baroda_0_1
5419 13005 3108.5233734908707 3115.9228593937246 Baroda_1_0
5757 14113 3116.287335209421 3123.686821112275 Indore_1_0
5463 13049 3124.038076851211 3131.437562754065 Baroda_1_1
5806 14348 3131.974846915521 3139.374332818375 Kanpur_0_0
5852 14394 3139.4638545444577 3146.8633404473117 Kanpur_1_0
1320 3570 4755.816707789898 4763.216193692752 Calgary_1_0
1248 3498 4763.65962432938 4771.059110232234 Calgary_0_0
15297 42223 4924.679985135794 4932.079471038648 Ironton_0_0
16825 47623 4943.913802660012 4951.313288562867 Salt Lake City_0_1
16924 47722 4951.626950548947 4959.026436451802 Salt Lake City_1_1
16775 47573 4959.204214321322 4966.6037002241765 Salt Lake City_0_0
16875 47673 4966.915352549648 4974.314838452502 Salt Lake City_1_0
15363 42289 4985.612385480543 4993.011871383397 Ironton_1_0
13502 38972 4995.803892871346 5003.2033787742 Denver_0_1
13602 39072 5003.320280058317 5010.719765961171 Denver_1_1
13452 38922 5010.771571443386 5018.171057346241 Denver_0_0
13552 39022 5018.286906413333 5025.686392316187 Denver_1_0
13177 37544 5049.09324246645 5056.492728369304 Carson_0_1
15478 42794 5057.063980750698 5064.463466653552 Lakewood_0_0
13127 37494 5064.867773019737 5072.267258922591 Carson_0_0
17633 49754 5072.305898325816 5079.7053842286705 Wilmington_0_0
16701 46384 5094.192696564272 5101.592182467127 Phoenix_0_1
16648 46331 5101.684804628869 5109.084290531723 Phoenix_0_0
14108 39894 5111.767871172602 5119.1673570754565 Elgin_0_1
14206 39992 5119.339210905824 5126.7386968086785 Elgin_1_1
14059 39845 5126.841030656896 5134.24051655975 Elgin_0_0
14157 39943 5134.4110208527345 5141.810506755589 Elgin_1_0
7823 21013 8261.544618278742 8268.944104181595 Maputo_0_0
7869 21059 8268.958936554363 8276.358422457217 Maputo_0_1
9459 27111 8369.972126692533 8377.371612595387 Polokwane_1_0
9506 27158 8377.379843597111 8384.779329499965 Polokwane_1_1
9367 27020 8384.868096048092 8392.267581950946 Polokwane_0_0
9413 27065 8392.275459699988 8399.674945602841 Polokwane_0_1
7295 19125 8415.859685271978 8423.259171174832 Lilongwe_0_0
7337 19167 8423.298024160353 8430.697510063206 Lilongwe_0_1
6313 16761 9089.685463637114 9097.084949539967 Lod_0_0
2481 7278 9115.505640973053 9122.905126875907 Alexandria_0_0
2530 7327 9123.06320248267 9130.462688385524 Alexandria_0_1
6367 17010 9151.279041841979 9158.678527744833 Migdal Haemek_0_0
6417 17060 9158.790703121134 9166.190189023988 Migdal Haemek_0_1
11783 32980 9217.945052355528 9225.344538258381 Ankara_0_0
11939 33136 9242.961467772722 9250.360953675576 Istanbul_1_0
11834 33031 9250.895400031322 9258.294885934176 Istanbul_0_0
11991 33188 9259.003491245056 9266.402977147909 Istanbul_1_1
11886 33083 9266.936550264534 9274.336036167388 Istanbul_0_1
8985 24573 9307.272474765778 9314.671960668631 Otopeni_0_0
9047 24635 9314.854739227614 9322.254225130468 Otopeni_0_1
9182 25171 9412.083604544401 9419.483090447255 Senec_1_0
668 1167 9422.48843408938 9429.887919992234 Graz_1_0
603 1102 9430.048028051067 9437.44751395392 Graz_0_0
8603 23351 9450.472775127413 9457.872261030267 Warsaw_0_0
801 1300 9471.059077701982 9478.458563604836 Linz_1_0
8680 23428 9491.842846517544 9499.242332420397 Warsaw_0_1
3330 9286 9510.556595226319 9517.956081129172 Berlin_1_0
6677 17792 9524.496154231107 9531.89564013396 Milan_1_1
3256 9212 9538.266191349181 9545.665677252035 Berlin_0_0
6547 17662 9552.10646151389 9559.505947416743 Milan_0_1
5031 12384 9560.82431068317 9568.223796586024 Stuttgart_1_1
4828 12181 9568.381056035569 9575.780541938422 Stuttgart_0_0
4161 10256 9576.198614384035 9583.598100286888 Frankfurt_1_0
4747 11418 9584.071195985307 9591.47068188816 Mannheim_0_0
4015 10110 9591.85543504639 9599.254920949243 Frankfurt_0_0
4088 10183 9599.331150441258 9606.730636344111 Frankfurt_0_1
4523 10770 9608.576088354255 9615.975574257109 Hannover_1_0
4596 10843 9616.076182966277 9623.47566886913 Hannover_1_1
4304 10399 9626.742135313885 9634.141621216739 Freiburg_0_0
4450 10697 9637.29307150753 9644.692557410384 Hannover_0_1
5170 12520 9646.976162633127 9654.37564853598 Troisdorf-Spich_1_0
3047 8732 9656.656583331644 9664.056069234497 Nice_0_1
2984 8669 9664.095370589295 9671.494856492149 Nice_0_0
2917 8403 9705.992435166843 9713.391921069697 Lyon_1_0
2852 8338 9713.875218491752 9721.274704394606 Lyon_0_0
1249 3499 10759.088133275509 10766.487619178362 Calgary_0_0
1321 3571 10766.526699421835 10773.926185324688 Calgary_1_0
9836 27790 14037.527320086956 14044.92680598981 Welkom_0_0
9558 27417 14072.302968919277 14079.70245482213 Roodepoort_0_0
9243 25368 14080.144353864633 14087.543839767486 Bedfordview_0_0
9651 27510 14087.69900529479 14095.098491197643 Roodepoort_1_0
9743 27601 14095.43109906037 14102.830584963223 Spartan_0_0
9605 27464 14103.356872883805 14110.756358786659 Roodepoort_0_1
9289 25413 14111.195293303806 14118.59477920666 Bedfordview_0_1
9698 27556 14118.748912546136 14126.14839844899 Roodepoort_1_1
9789 27646 14126.478701028553 14133.878186931406 Spartan_0_1
7824 21014 14139.004442268308 14146.403928171161 Maputo_0_0
7870 21060 14146.454766294812 14153.854252197665 Maputo_0_1
9368 27021 14156.314990199518 14163.714476102372 Polokwane_0_0
9460 27112 14163.91585137683 14171.315337279684 Polokwane_1_0
9414 27066 14171.449649337752 14178.849135240605 Polokwane_0_1
9507 27159 14179.04906217293 14186.448548075783 Polokwane_1_1
10519 30397 15176.90955209732 15184.309038000174 Valencia_0_0
10224 29201 15192.693413776195 15200.092899679048 El Prat De Llobregat_1_0
10399 29954 15214.638214638648 15222.037700541501 Linares_1_0
10346 29901 15222.252450602295 15229.651936505148 Linares_0_0
9989 28272 15231.753272868433 15239.152758771286 Alovera_0_0
10058 29037 15239.729185308446 15247.1286712113 Coslada_0_0
10290 29845 15247.518381087102 15254.917866989956 Las Rozas_0_0
10691 30569 15258.498209586707 15265.89769548956 Vitoria-Gasteiz_0_0
6678 17793 15299.724337213755 15307.123823116608 Milan_1_1
2918 8404 15319.221086937236 15326.62057284009 Lyon_1_0
2853 8339 15326.721926510474 15334.121412413328 Lyon_0_0
2785 8200 15373.338582608045 15380.738068510898 Bordeaux_1_1
2658 8073 15381.141087871092 15388.540573773946 Bordeaux_0_1
10458 30124 15396.343819662958 15403.743305565811 Santander_0_0
8869 24347 15411.46651068586 15418.865996588713 Vila Franca Xira_1_0
8925 24403 15418.925689656144 15426.325175558997 Vila Franca Xira_1_1
8813 24291 15426.433515133745 15433.833001036599 Vila Franca Xira_0_1
4829 12182 15478.00641317697 15485.405899079824 Stuttgart_0_0
4897 12250 15485.480702191626 15492.88018809448 Stuttgart_0_1
10575 30453 15535.701490186788 15543.100976089641 Vigo_0_0
3180 8865 15570.260716487719 15577.660202390573 Roissy Cdg Cedex_0_1
4016 10111 15592.956056964229 15600.355542867082 Frankfurt_0_0
9183 25172 15610.450758493556 15617.85024439641 Senec_1_0
7926 21188 15633.64801627573 15641.047502178584 Eindhoven_0_0
3712 9668 15645.189658970807 15652.58914487366 Dortmund_0_0
3787 9743 15652.679183699289 15660.078669602142 Dortmund_0_1
12294 33840 15676.612907563003 15684.012393465857 Aylesford_1_0
12148 33694 15684.448414358065 15691.847900260918 Aylesford_0_0
12221 33767 15692.042989840469 15699.442475743323 Aylesford_0_1
4378 10625 15720.296733524368 15727.696219427222 Hannover_0_0
4597 10844 15727.989746931866 15735.38923283472 Hannover_1_1
3559 9515 15736.566781421792 15743.966267324646 Bremen_1_0
3636 9592 15744.029391162323 15751.428877065176 Bremen_1_1
3257 9213 15756.660567666127 15764.060053568981 Berlin_0_0
3331 9287 15764.220368512586 15771.61985441544 Berlin_1_0
6161 16172 15814.45735672167 15821.856842624524 Shannon_0_0
6237 16248 15822.011948529289 15829.411434432142 Shannon_0_1
10831 31015 15871.341468466126 15878.74095436898 Gothenburg_0_0
11009 31193 15878.89059859651 15886.290084499364 Gothenburg_1_0
11099 31283 15886.313784290454 15893.713270193308 Gothenburg_1_1
7996 21700 18070.93577709794 18078.335263000794 Auckland_0_0
8108 21869 18081.17563587427 18088.575121777125 Hamilton_0_1
8052 21813 18088.720451981833 18096.119937884687 Hamilton_0_0
8758 24236 21080.249933809042 21087.649419711895 Vila Franca Xira_0_0
8870 24348 21087.848155248168 21095.24764115102 Vila Franca Xira_1_0
8814 24292 21095.416747393097 21102.81623329595 Vila Franca Xira_0_1
8926 24404 21103.013784479765 21110.413270382618 Vila Franca Xira_1_1
10347 29902 21120.513404250145 21127.912890153 Linares_0_0
10400 29955 21128.009413876825 21135.40889977968 Linares_1_0
10576 30454 21139.218553616724 21146.618039519577 Vigo_0_0
10634 30512 21146.640851590484 21154.040337493338 Vigo_0_1
10291 29846 21158.53994822502 21165.939434127875 Las Rozas_0_0
10059 29038 21166.109650500955 21173.50913640381 Coslada_0_0
10114 29091 21173.514039722333 21180.913525625187 Coslada_0_1
9990 28273 21181.0821342642 21188.481620167055 Alovera_0_0
10459 30125 21210.683902561665 21218.083388464518 Santander_0_0
10692 30570 21220.196100085974 21227.595585988827 Vitoria-Gasteiz_0_0
10753 30631 21227.597225750476 21234.99671165333 Vitoria-Gasteiz_0_1
10520 30398 21235.922835940386 21243.32232184324 Valencia_0_0
2596 8011 21311.765841156244 21319.165327059098 Bordeaux_0_0
2659 8074 21319.167398907503 21326.566884810356 Bordeaux_0_1
6162 16173 21330.811019553803 21338.210505456656 Shannon_0_0
6238 16249 21338.221189141444 21345.620675044298 Shannon_0_1
2722 8137 21349.91214641016 21357.311632313013 Bordeaux_1_0
2786 8201 21357.313853022464 21364.713338925318 Bordeaux_1_1
12443 34287 21391.67596051097 21399.075446413823 Birmingham_0_0
12517 34361 21399.13333546039 21406.532821363242 Birmingham_1_0
12149 33695 21448.455495864153 21455.854981767006 Aylesford_0_0
12222 33768 21455.860949199232 21463.260435102085 Aylesford_0_1
12070 33616 21464.275032198148 21471.674518101 Aberdeen_0_0
12295 33841 21472.32533571718 21479.724821620035 Aylesford_1_0
12367 33913 21479.730162678665 21487.12964858152 Aylesford_1_1
543 1042 23950.242653787136 23957.64213968999 Sydney_0_1
491 990 23957.792020645218 23965.19150654807 Sydney_0_0
387 687 24034.30547082424 24041.704956727095 Derrimut_1_1
285 585 24042.155158673286 24049.55464457614 Derrimut_0_1
336 636 24050.167994485157 24057.56748038801 Derrimut_1_0
234 534 24058.019334737633 24065.418820640487 Derrimut_0_0
180 386 24078.29664349626 24085.69612939911 Adelaide_1_1
128 334 24085.773948425212 24093.173434328066 Adelaide_1_0
76 282 24093.423240855896 24100.82272675875 Adelaide_0_1
24 230 24100.89915203903 24108.298637941883 Adelaide_0_0
1122 2931 26128.858717352152 26136.258203255005 Rio De Janeiro_1_0
1074 2883 26136.362963091688 26143.76244899454 Rio De Janeiro_0_0
6797 18434 28746.21543043852 28753.614916341372 Narita_0_1
6744 18381 28753.77430698485 28761.173792887705 Narita_0_0
7008 18747 28762.66720380159 28770.066689704443 Tokyo_1_1
6904 18643 28770.645182420634 28778.044668323488 Tokyo_0_1
6956 18695 28778.777349865788 28786.17683576864 Tokyo_1_0
6852 18591 28786.757781073287 28794.15726697614 Tokyo_0_0
9940 28225 28836.1254401505 28843.524926053353 Seoul_1_0
9891 28178 28843.629104313775 28851.02859021663 Seoul_0_0
442 942 29933.598983556032 29940.998469458886 Perth_0_0
77 283 29993.27931355147 30000.678799454323 Adelaide_0_1
181 387 30000.791594821138 30008.19108072399 Adelaide_1_1
25 231 30008.29398645767 30015.693472360523 Adelaide_0_0
129 335 30015.80575482329 30023.205240726144 Adelaide_1_0
12711 36177 31736.831061542034 31744.230547444888 Montevideo_1_0
12603 36069 31744.64329585879 31752.042781761644 Montevideo_0_0
12765 36231 31752.546215575036 31759.94570147789 Montevideo_1_1
12657 36123 31760.36123685586 31767.760722758714 Montevideo_0_1
1025 2785 31871.2820712924 31878.681557195254 Paranagua_0_0
974 2642 31880.580999759564 31887.980485662418 Curitiba_0_0
879 2547 31920.761468589306 31928.16095449216 Campinas_0_0
927 2595 31928.24824209151 31935.647727994365 Campinas_0_1
1075 2884 31942.765507638454 31950.164993541308 Rio De Janeiro_0_0
1123 2932 31950.317120378342 31957.716606281196 Rio De Janeiro_1_0
14974 41461 32985.38686475158 32992.78635065443 Hebron_1_0
14871 41358 32993.25509280243 33000.65457870528 Hebron_0_0
15026 41513 33001.29823902018 33008.69772492303 Hebron_1_1
14923 41410 33009.16741011565 33016.56689601851 Hebron_0_1
17484 49501 33035.262669063646 33042.6621549665 West Columbia_0_1
16002 44124 33065.652987827154 33073.05247373001 Medford_0_0
17130 48694 33098.12680851557 33105.52629441842 Tampa_1_1
16985 48549 33157.65467785582 33165.05416375867 Tampa_0_0
15837 43387 33216.71345511904 33224.11294102189 Lawrenceville_0_0
1184 3434 33231.405297795565 33238.80478369842 Brampton_0_0
14008 39794 33279.500102906866 33286.89958880972 Edwardsville_0_1
14256 40042 33288.6199420814 33296.019427984254 Elk Grove Village_0_0
14304 40089 33296.09424476314 33303.49373066599 Elk Grove Village_0_1
14677 41118 33303.88331717258 33311.28280307543 Hanover Park_0_0
14725 41165 33311.35989353159 33318.75937943444 Hanover Park_0_1
15364 42290 33329.97238671904 33337.371872621894 Ironton_1_0
15298 42224 33372.66410842134 33380.063594324194 Ironton_0_0
1399 4615 34609.94736111164 34617.346847014494 Beijing_0_0
9892 28179 34645.973422557116 34653.37290845997 Seoul_0_0
9941 28226 34653.565885780095 34660.96537168295 Seoul_1_0
2089 5492 34672.25926077025 34679.65874667311 Qingdao_1_1
1981 5384 34680.11760729148 34687.517093194336 Qingdao_0_1
2035 5438 34688.13124771681 34695.530733619664 Qingdao_1_0
1927 5330 34695.98773361467 34703.38721951752 Qingdao_0_0
2193 5596 34746.1905503571 34753.59003625996 Shanghai_0_1
2143 5546 34753.7049452782 34761.104431181055 Shanghai_0_0
1778 5181 34770.80286338925 34778.20234929211 Ningbo_0_1
1876 5279 34778.51712207694 34785.916607979794 Ningbo_1_1
1728 5131 34786.12505444743 34793.524540350285 Ningbo_0_0
1827 5230 34793.83720456462 34801.23669046747 Ningbo_1_0
1499 4764 34844.664140274836 34852.06362617769 Chongqing_1_0
1450 4715 34852.32049718299 34859.719983085844 Chongqing_0_0
11320 32308 34902.247314851134 34909.64680075399 Nankan_0_0
11368 32356 34909.995491890135 34917.39497779299 Nankan_1_0
11275 32263 34920.16215789597 34927.56164379882 Linkou_0_1
11555 32633 34927.93133850856 34935.330824411416 Taipei_0_1
11735 32813 34935.70473878189 34943.10422468474 Teiyuan_0_1
11645 32723 34943.10422468474 34950.503710587596 Taoyuan_0_1
11230 32218 34950.59288035849 34957.992366261344 Linkou_0_0
11510 32588 34958.35943992571 34965.758925828566 Taipei_0_0
11690 32768 34966.130290473135 34973.52977637599 Teiyuan_0_0
11600 32678 34973.52977637599 34980.92926227884 Taoyuan_0_0
2249 6119 34987.38814282033 34994.787628723185 Xiamen_0_0
1681 5084 35010.03689409458 35017.43637999743 Guangzhou_1_1
1593 4996 35018.120507675485 35025.51999357834 Guangzhou_0_1
1637 5040 35026.365814853954 35033.76530075681 Guangzhou_1_0
1549 4952 35034.45013855847 35041.84962446133 Guangzhou_0_0
11418 32496 35063.205638439 35070.605124341855 Tainan_0_0
11464 32542 35070.90041101946 35078.29989692231 Tainan_1_0
11185 32173 35078.37312366088 35085.77260956373 Kaohsiung_0_0
8455 22519 35089.929559991484 35097.32904589434 Manila_0_1
8537 22601 35097.5103783725 35104.90986427535 Manila_1_1
8414 22478 35105.04107440053 35112.44056030338 Manila_0_0
8496 22560 35112.62063594804 35120.020121850896 Manila_1_0
443 943 35869.863626897335 35877.26311280019 Perth_0_0
7722 20491 38650.11755749583 38657.517043398686 Pachuca_1_0
17131 48695 38706.26890635122 38713.668392254076 Tampa_1_1
16102 44224 38738.753184448855 38746.15267035171 Melville_1_0
16052 44174 38746.767212772014 38754.16669867487 Melville_0_0
7584 20353 38776.99247429034 38784.39196019319 Monterrey_1_0
13854 39446 38829.6153032985 38837.014789201356 Edison_0_0
14574 41015 38841.28174575192 38848.68123165477 Greenville_0_0
13903 39495 38853.01126254012 38860.41074844298 Edison_0_1
14625 41066 38864.64971071818 38872.04919662103 Greenville_0_1
14009 39795 38874.620376264815 38882.01986216767 Edwardsville_0_1
14363 40804 38896.325814871096 38903.72530077395 Grapevine_0_0
14520 40961 38904.48501444114 38911.88450034399 Grapevine_1_1
15081 41813 38929.51618031044 38936.915666213295 Huntsville_0_0
15185 41917 38937.29796888617 38944.69745478902 Huntsville_1_0
15133 41865 38945.00052326679 38952.40000916964 Huntsville_0_1
15237 41969 38952.779728798305 38960.17921470116 Huntsville_1_1
17433 49450 38968.449269613 38975.84875551585 West Columbia_0_0
16483 45874 38987.21142914061 38994.610915043464 New Johnsonville_0_1
16589 45980 38995.04070631402 39002.440192216876 New Johnsonville_1_1
16161 44684 39027.15478329507 39034.55426919792 Metaire_0_0
14821 41308 39054.369828402996 39061.76931430585 Hazelwood_1_0
17235 49159 39065.04835446905 39072.447840371904 Vandalia_0_1
16275 45427 39082.080399013306 39089.47988491616 Moberly_0_1
17539 49660 39105.600970945125 39113.00045684798 Whitestown_0_0
13028 37197 39113.675119627005 39121.07460552986 Carmel_1_0
12979 37148 39121.308146381256 39128.70763228411 Carmel_0_1
13077 37246 39128.99511337717 39136.39459928002 Carmel_1_1
15890 43440 39141.794945879665 39149.19443178252 Little Hocking_0_0
15939 43489 39149.355517186654 39156.75500308951 Little Hocking_1_0
13393 38376 39158.00866688023 39165.408152783086 Columbus_1_0
14257 40043 39168.29132089903 39175.69080680188 Elk Grove Village_0_0
13653 39123 39182.830017641456 39190.22950354431 Dulles_0_0
12878 36800 39190.64458998009 39198.04407588294 Baltimore_0_1
15365 42291 39199.40023167727 39206.79971758012 Ironton_1_0
15299 42225 39229.48012557048 39236.879611473334 Ironton_0_0
1185 3435 39259.2596498057 39266.659135708556 Brampton_0_0
1322 3572 39320.13795395588 39327.53743985873 Calgary_1_0
1250 3500 39327.63964901403 39335.039134916886 Calgary_0_0
7241 19029 40613.176408946514 40620.57589484937 Almaty_1_1
7182 18970 40620.57820325347 40627.97768915632 Almaty_1_0
7123 18911 40628.062691901614 40635.46217780447 Almaty_0_1
7064 18852 40635.4641725643 40642.863658467155 Almaty_0_0
5282 12782 40788.32763427496 40795.72712017781 Ahmedabad_0_1
5234 12734 40795.87649125946 40803.27597716232 Ahmedabad_0_0
5652 13410 40826.916230770854 40834.31571667371 Chandigarh_1_0
5603 13361 40834.42753682717 40841.82702273002 Chandigarh_0_0
1500 4765 40900.13306673286 40907.53255263571 Chongqing_1_0
5554 13227 40956.01122568988 40963.41071159273 Calcultta_0_1
5509 13184 40963.4864219674 40970.88590787025 Calcultta_0_0
8365 22346 40982.09779074477 40989.49727664762 Lahore_1_1
8314 22295 40989.50222905169 40996.90171495455 Lahore_1_0
8262 22243 40996.98155558987 41004.38104149272 Lahore_0_1
8212 22193 41004.38569923935 41011.7851851422 Lahore_0_0
5853 14395 41025.37157326937 41032.77105917222 Kanpur_1_0
5807 14349 41033.920422285795 41041.31990818865 Kanpur_0_0
5758 14114 41055.90931332111 41063.30879922397 Indore_1_0
5713 14069 41068.24179598689 41075.641281889744 Indore_0_0
6092 15550 41081.78990267978 41089.189388582636 Salem_1_1
6004 15462 41089.453502962504 41096.85298886536 Salem_0_1
6048 15506 41097.16687621092 41104.56636211377 Salem_1_0
5960 15418 41104.832132082935 41112.23161798579 Salem_0_0
5913 15197 41117.369801251414 41124.76928715427 Panjim_0_0
7396 19712 44555.1755271852 44562.575013088055 Aguascalientes_0_0
7440 19755 44562.72394346897 44570.12342937182 Aguascalientes_1_0
7632 20401 44595.87344312668 44603.27292902953 Pachuca_0_0
7678 20447 44603.28404130724 44610.683527210094 Pachuca_0_1
7723 20492 44610.75944314132 44618.15892904418 Pachuca_1_0
7769 20538 44618.16962801882 44625.56911392167 Pachuca_1_1
7490 20079 44630.82488153022 44638.224367433075 Matamoros_0_0
7539 20308 44660.37085732818 44667.77034323103 Monterrey_0_0
7585 20354 44667.86685150906 44675.266337411915 Monterrey_1_0
14060 39846 44687.34557094812 44694.745056850974 Elgin_0_0
14158 39944 44695.13386366149 44702.53334956434 Elgin_1_0
14109 39895 44702.84384417937 44710.24333008222 Elgin_0_1
14207 39993 44710.629564316885 44718.02905021974 Elgin_1_1
16649 46332 44721.47461326227 44728.87409916512 Phoenix_0_0
16702 46385 44728.971299953286 44736.37078585614 Phoenix_0_1
17634 49755 44756.893215057054 44764.29270095991 Wilmington_0_0
15479 42795 44764.790363036824 44772.18984893968 Lakewood_0_0
13128 37495 44772.64180835073 44780.041294253584 Carson_0_0
13178 37545 44780.20783419654 44787.60732009939 Carson_0_1
16776 47574 44817.4387678504 44824.83825375325 Salt Lake City_0_0
16876 47674 44825.15991809606 44832.559403998916 Salt Lake City_1_0
16826 47624 44832.81392662685 44840.2134125297 Salt Lake City_0_1
16925 47723 44840.5328056371 44847.93229153995 Salt Lake City_1_1
13453 38923 44856.244617668075 44863.64410357093 Denver_0_0
13553 39023 44863.77455715972 44871.17404306257 Denver_1_0
13503 38973 44871.291303691454 44878.69078959431 Denver_0_1
13603 39073 44878.82060150806 44886.22008741091 Denver_1_1
1251 3501 44983.628992676735 44991.02847857959 Calgary_0_0
1323 3573 44991.290146936044 44998.6896328389 Calgary_1_0
7124 18912 46397.281508266926 46404.68099416978 Almaty_0_1
7242 19030 46404.956220896245 46412.3557067991 Almaty_1_1
7065 18853 46412.498008890885 46419.89749479374 Almaty_0_0
7183 18971 46420.17080839869 46427.57029430154 Almaty_1_0
8263 22244 46607.191116303205 46614.59060220606 Lahore_0_1
8366 22347 46614.82973903165 46622.229224934505 Lahore_1_1
8213 22194 46622.37902354078 46629.77850944363 Lahore_0_0
8315 22296 46630.01588755499 46637.41537345784 Lahore_1_0
5604 13362 46640.44114685515 46647.840632758 Chandigarh_0_0
5653 13411 46647.99672657223 46655.39621247508 Chandigarh_1_0
8165 22146 46718.281155735254 46725.68064163811 Karachi_0_0
5376 12962 46765.825286090374 46773.22477199323 Baroda_0_1
5464 13050 46773.44097663681 46780.840462539665 Baroda_1_1
5332 12918 46780.98850194646 46788.38798784931 Baroda_0_0
5420 13006 46788.60263840369 46796.00212430654 Baroda_1_0
5808 14350 46797.130366695535 46804.52985259839 Kanpur_0_0
5854 14396 46804.707464131534 46812.10695003439 Kanpur_1_0
5714 14070 46812.49438691927 46819.893872822126 Indore_0_0
5759 14115 46820.07848519298 46827.47797109583 Indore_1_0
5914 15198 46925.037622362375 46932.43710826523 Panjim_0_0
11784 32981 52460.38542589545 52467.784911798306 Ankara_0_0
11992 33189 52485.6332551837 52493.03274108655 Istanbul_1_1
11887 33084 52493.13916395612 52500.53864985897 Istanbul_0_1
11940 33137 52500.652582283394 52508.05206818625 Istanbul_1_0
9048 24636 52509.689924169164 52517.08941007202 Otopeni_0_1
11835 33032 52518.62036823973 52526.019854142585 Istanbul_0_0
8986 24574 52527.5517771981 52534.95126310096 Otopeni_0_0
6418 17061 52547.15808266401 52554.55756856687 Migdal Haemek_0_1
6368 17011 52554.62693159153 52562.02641749438 Migdal Haemek_0_0
6314 16762 52568.05230122805 52575.4517871309 Lod_0_0
2531 7328 52630.00747868419 52637.40696458704 Alexandria_0_1
2482 7279 52637.42763206437 52644.82711796722 Alexandria_0_0
7338 19168 53284.43419620395 53291.8336821068 Lilongwe_0_1
7296 19126 53291.95719390388 53299.35667980673 Lilongwe_0_0
9508 27160 53446.0434717536 53453.44295765645 Polokwane_1_1
9415 27067 53454.109790730334 53461.50927663319 Polokwane_0_1
9461 27113 53462.32944627419 53469.728932177044 Polokwane_1_0
9369 27022 53470.39392214286 53477.79340804571 Polokwane_0_0
7871 21061 53490.12392786607 53497.523413768926 Maputo_0_1
7825 21015 53497.61798036429 53505.01746626714 Maputo_0_0
9790 27647 53520.45993438346 53527.85942028632 Spartan_0_1
9290 25414 53528.14017143171 53535.539657334564 Bedfordview_0_1
9699 27557 53535.94817847781 53543.347664380664 Roodepoort_1_1
9606 27465 53544.004744782316 53551.40423068517 Roodepoort_0_1
9744 27602 53552.912405376366 53560.31189127922 Spartan_0_0
9244 25369 53560.59220962164 53567.99169552449 Bedfordview_0_0
9652 27511 53568.39970401709 53575.79918991994 Roodepoort_1_0
9559 27418 53576.45559397634 53583.85507987919 Roodepoort_0_0
9837 27791 53586.41830974295 53593.8177956458 Welkom_0_0
11100 31284 58067.90863165259 58075.30811755545 Gothenburg_1_1
10921 31105 58075.456120479015 58082.85560638187 Gothenburg_0_1
11010 31194 58083.027436827004 58090.42692272986 Gothenburg_1_0
10832 31016 58090.576014562095 58097.97550046495 Gothenburg_0_0
2328 7125 58102.88101166487 58110.28049756772 Hvidovre_0_0
8682 23430 58126.6389049393 58134.03839084215 Warsaw_0_1
8605 23353 58134.20069258408 58141.60017848694 Warsaw_0_0
3332 9288 58156.143252539034 58163.54273844189 Berlin_1_0
3637 9593 58168.372521950616 58175.77200785347 Bremen_1_1
3483 9439 58175.90045201802 58183.29993792087 Bremen_0_1
4452 10699 58184.120099953 58191.51958585585 Hannover_0_1
9184 25173 58205.05225210543 58212.45173800828 Senec_1_0
9117 25106 58212.85291203686 58220.252397939716 Senec_0_0
3788 9744 58235.094866937085 58242.49435283994 Dortmund_0_1
736 1235 58250.864452687194 58258.26393859005 Linz_0_0
4090 10185 58265.60857457781 58273.008060480664 Frankfurt_0_1
4749 11420 58273.120604243326 58280.52009014618 Mannheim_0_0
5033 12386 58281.36322301329 58288.76270891615 Stuttgart_1_1
9049 24637 58328.6767090942 58336.076194997055 Otopeni_0_1
4898 12251 58376.146572857986 58383.54605876084 Stuttgart_0_1
4965 12318 58383.722280557944 58391.1217664608 Stuttgart_1_0
4830 12183 58391.279093606536 58398.67857950939 Stuttgart_0_0
4306 10401 58399.771470406056 58407.17095630891 Freiburg_0_0
6484 17599 58408.68366478665 58416.083150689505 Milan_0_0
11888 33085 58463.24224073882 58470.641726641676 Istanbul_0_1
11836 33033 58470.743022711526 58478.14250861438 Istanbul_0_0
11941 33138 58478.344966515026 58485.74445241788 Istanbul_1_0
12368 33914 58502.71667319199 58510.11615909485 Aylesford_1_1
3181 8866 58545.31383048662 58552.713316389476 Roissy Cdg Cedex_0_1
3113 8798 58552.71528214697 58560.114768049825 Roissy Cdg Cedex_0_0
2919 8405 58609.822050003175 58617.22153590603 Lyon_1_0
3049 8734 58663.86008182111 58671.259567723966 Nice_0_1
2986 8671 58671.27505237923 58678.67453828208 Nice_0_0
10225 29202 58681.8778413999 58689.277327302756 El Prat De Llobregat_1_0
10169 29146 58689.35641869396 58696.755904596816 El Prat De Llobregat_0_0
2532 7329 58753.93623150734 58761.33571741019 Alexandria_0_1
2483 7280 58761.38435327251 58768.78383917536 Alexandria_0_0
8053 21814 61384.359766066074 61391.75925196893 Hamilton_0_0
8109 21870 61391.78416557054 61399.183651473395 Hamilton_0_1
7997 21701 61403.867321163416 61411.26680706627 Auckland_0_0
11101 31285 63925.86710217595 63933.266588078804 Gothenburg_1_1
10922 31106 63933.46049756277 63940.85998346563 Gothenburg_0_1
11011 31195 63941.230095888575 63948.62958179143 Gothenburg_1_0
10833 31017 63948.8219055028 63956.221391405656 Gothenburg_0_0
2413 7210 63966.61241438985 63974.0119002927 Hvidovre_1_0
2329 7126 63974.17615441069 63981.575640313546 Hvidovre_0_0
3638 9594 64011.72884845734 64019.12833436019 Bremen_1_1
3561 9517 64019.28129012634 64026.68077602919 Bremen_1_0
4453 10700 64028.05594988609 64035.45543578894 Hannover_0_1
4599 10846 64035.64031873833 64043.03980464119 Hannover_1_1
3259 9215 64046.25408449332 64053.65357039617 Berlin_0_0
3333 9289 64053.77797282566 64061.17745872851 Berlin_1_0
3939 9892 64066.55585890616 64073.955344809016 Dortmund_1_1
3789 9745 64074.182404252286 64081.58189015514 Dortmund_0_1
7928 21190 64084.343971998474 64091.74345790133 Eindhoven_0_0
12224 33770 64102.36458975234 64109.76407565519 Aylesford_0_1
12151 33697 64109.967712733014 64117.36719863587 Aylesford_0_0
5173 12523 64131.0914421609 64138.49092806375 Troisdorf-Spich_1_0
6239 16250 64175.46218441158 64182.861670314436 Shannon_0_1
8606 23354 64228.825483435074 64236.22496933793 Warsaw_0_0
6163 16174 64282.11596831968 64289.515454222535 Shannon_0_0
4236 10331 64328.76140614132 64336.16089204417 Frankfurt_1_1
4018 10113 64336.21889057423 64343.61837647708 Frankfurt_0_0
4750 11421 64343.84573408121 64351.24521998406 Mannheim_0_0
3182 8867 64360.209114697194 64367.60860060005 Roissy Cdg Cedex_0_1
4831 12184 64377.81891060919 64385.21839651204 Stuttgart_0_0
4307 10402 64386.078038094274 64393.47752399713 Freiburg_0_0
737 1236 64398.29472395605 64405.694209858906 Linz_0_0
804 1303 64405.78107599095 64413.1805618938 Linz_1_0
6550 17665 64415.37639814869 64422.775884051545 Milan_0_1
6680 17795 64422.911551447985 64430.31103735084 Milan_1_1
671 1170 64433.38066799944 64440.78015390229 Graz_1_0
6485 17600 64443.898297629195 64451.29778353205 Milan_0_0
6615 17730 64451.43220272309 64458.83168862594 Milan_1_0
3050 8735 64459.78618388363 64467.185669786486 Nice_0_1
2987 8672 64467.276678083734 64474.67616398659 Nice_0_0
10460 30126 64496.316180859736 64503.71566676259 Santander_0_0
10754 30632 64507.62710930252 64515.026595205374 Vitoria-Gasteiz_0_1
10693 30571 64515.20903435488 64522.60852025773 Vitoria-Gasteiz_0_0
10226 29203 64535.37044408984 64542.76992999269 El Prat De Llobregat_1_0
10635 30513 64573.623863691035 64581.02334959389 Vigo_0_1
10577 30455 64581.1434128503 64588.542898753156 Vigo_0_0
9991 28274 64607.25735376637 64614.656839669224 Alovera_0_0
10115 29092 64615.61151001528 64623.010995918135 Coslada_0_1
10292 29847 64623.85762728174 64631.25711318459 Las Rozas_0_0
10060 29039 64632.28187006203 64639.68135596488 Coslada_0_0
10521 30399 64649.00859833333 64656.40808423618 Valencia_0_0
8927 24405 64681.57562936355 64688.9751152664 Vila Franca Xira_1_1
8815 24293 64689.48220273055 64696.8816886334 Vila Franca Xira_0_1
10401 29956 64715.947471831365 64723.34695773422 Linares_1_0
10348 29903 64723.84404870166 64731.24353460452 Linares_0_0
8871 24349 64749.17174219215 64756.571228095 Vila Franca Xira_1_0
8759 24237 64757.081371560074 64764.48085746293 Vila Franca Xira_0_0
8054 21815 67269.59823936224 67276.9977252651 Hamilton_0_0
8110 21871 67277.05961660329 67284.45910250615 Hamilton_0_1
7998 21702 67285.5657864213 67292.96527232416 Auckland_0_0
492 991 67370.51108619571 67377.91057209857 Sydney_0_0
544 1043 67377.94696684199 67385.34645274485 Sydney_0_1
337 637 67396.81962502003 67404.21911092289 Derrimut_1_0
388 688 67404.22311742444 67411.6226033273 Derrimut_1_1
235 535 67411.70949402239 67419.10897992525 Derrimut_0_0
286 586 67419.11266974384 67426.5121556467 Derrimut_0_1
6745 18382 68481.23768788576 68488.63717378862 Narita_0_0
6957 18696 68489.84635106628 68497.24583696914 Tokyo_1_0
6853 18592 68497.6769864015 68505.07647230435 Tokyo_0_0
6798 18435 68506.87131518286 68514.27080108572 Narita_0_1
7009 18748 68515.48512145891 68522.88460736178 Tokyo_1_1
6905 18644 68523.31768227063 68530.71716817349 Tokyo_0_1
12072 33618 69873.72160226107 69881.12108816393 Aberdeen_0_0
6240 16251 69955.13320454955 69962.53269045241 Shannon_0_1
6164 16175 69962.62530499132 69970.02479089418 Shannon_0_0
12445 34289 69999.55842405558 70006.95790995844 Birmingham_0_0
12519 34363 70007.00513419404 70014.4046200969 Birmingham_1_0
1124 2933 71223.3411012888 71230.74058719166 Rio De Janeiro_1_0
1076 2885 71231.3617084493 71238.76119435216 Rio De Janeiro_0_0
928 2596 71254.2905804153 71261.69006631816 Campinas_0_1
880 2548 71261.84700847663 71269.24649437949 Campinas_0_0
1026 2786 71281.99930498004 71289.3987908829 Paranagua_0_0
975 2643 71291.93600770543 71299.33549360829 Curitiba_0_0
12766 36232 71467.74741011858 71475.14689602144 Montevideo_1_1
12658 36124 71475.41079071623 71482.81027661909 Montevideo_0_1
12712 36178 71483.18084600182 71490.58033190468 Montevideo_1_0
12604 36070 71490.84612242745 71498.24560833031 Montevideo_0_0
236 536 73176.09254556894 73183.4920314718 Derrimut_0_0
338 638 73183.74676790688 73191.14625380974 Derrimut_1_0
287 587 73191.29037766604 73198.6898635689 Derrimut_0_1
389 689 73198.94278817112 73206.34227407398 Derrimut_1_1
130 336 73224.8475805521 73232.24706645496 Adelaide_1_0
26 232 73232.7496916027 73240.14917750556 Adelaide_0_0
182 388 73240.81343388588 73248.21291978874 Adelaide_1_1
78 284 73248.71426008835 73256.11374599121 Adelaide_0_1
493 992 73299.43817347288 73306.83765937574 Sydney_0_0
545 1044 73306.88187135145 73314.28135725431 Sydney_0_1
8497 22561 74071.11381170154 74078.5132976044 Manila_1_0
8415 22479 74079.04661390974 74086.4460998126 Manila_0_0
8538 22602 74087.10714324575 74094.50662914861 Manila_1_1
8456 22520 74095.04247002606 74102.44195592892 Manila_0_1
11186 32174 74194.51316359639 74201.91264949925 Kaohsiung_0_0
11465 32543 74202.39511065326 74209.79459655612 Tainan_1_0
11419 32497 74210.38101748552 74217.78050338838 Tainan_0_0
11691 32769 74224.1963673532 74231.59585325606 Teiyuan_0_0
11601 32679 74231.59585325606 74238.99533915892 Taoyuan_0_0
11511 32589 74240.08099406888 74247.48047997174 Taipei_0_0
11231 32219 74248.32976121378 74255.72924711664 Linkou_0_0
11736 32814 74255.80533227595 74263.20481817881 Teiyuan_0_1
11646 32724 74263.20481817881 74270.60430408167 Taoyuan_0_1
11556 32634 74271.68996939846 74279.08945530132 Taipei_0_1
11276 32264 74279.9386420788 74287.33812798167 Linkou_0_1
2250 6120 74299.15357913787 74306.55306504073 Xiamen_0_0
11369 32357 74314.55851382736 74321.95799973022 Nankan_1_0
11321 32309 74322.55866018652 74329.95814608938 Nankan_0_0
1638 5041 74347.06294825807 74354.46243416093 Guangzhou_1_0
1682 5085 74354.52825538776 74361.92774129062 Guangzhou_1_1
1550 4953 74362.19804952436 74369.59753542722 Guangzhou_0_0
1594 4997 74369.66189005075 74377.0613759536 Guangzhou_0_1
1828 5231 74404.52776325932 74411.92724916218 Ningbo_1_0
1729 5132 74412.55208204834 74419.9515679512 Ningbo_0_0
1877 5280 74420.73082796056 74428.13031386342 Ningbo_1_1
1779 5182 74428.7534093168 74436.15289521967 Ningbo_0_1
2144 5547 74437.0153796805 74444.41486558336 Shanghai_0_0
2194 5597 74444.56867345549 74451.96815935835 Shanghai_0_1
2036 5439 74452.85142548959 74460.25091139245 Qingdao_1_0
1928 5331 74460.8226236098 74468.22210951266 Qingdao_0_0
2090 5493 74468.94633572137 74476.34582162423 Qingdao_1_1
1982 5385 74476.91531897655 74484.31480487941 Qingdao_0_1
9893 28180 74502.01828705211 74509.41777295497 Seoul_0_0
9942 28227 74509.68171248688 74517.08119838974 Seoul_1_0
1501 4766 74567.18054906836 74574.58003497122 Chongqing_1_0
1452 4717 74574.67540853929 74582.07489444215 Chongqing_0_0
1400 4616 74604.78045323302 74612.17993913588 Beijing_0_0
16003 44125 76212.73556658626 76220.13505248912 Medford_0_0
15027 41514 76246.3885704279 76253.78805633076 Hebron_1_1
14975 41462 76253.78960225622 76261.18908815908 Hebron_1_0
14924 41411 76261.26568657023 76268.66517247309 Hebron_0_1
14872 41359 76268.66645181071 76276.06593771357 Hebron_0_0
12659 36125 77461.1952611804 77468.59474708326 Montevideo_0_1
12605 36071 77468.59788342558 77475.99736932844 Montevideo_0_0
12767 36233 77476.06817820454 77483.4676641074 Montevideo_1_1
12713 36179 77483.47052973436 77490.87001563722 Montevideo_1_0
444 944 79206.29988962412 79213.69937552698 Perth_0_0
5235 12735 80235.5248130858 80242.92429898866 Ahmedabad_0_0
5283 12783 80242.99013120504 80250.3896171079 Ahmedabad_0_1
1453 4718 80300.69104949477 80308.09053539763 Chongqing_0_0
1502 4767 80308.2764017953 80315.67588769816 Chongqing_1_0
1551 4954 80319.96791868235 80327.36740458521 Guangzhou_0_0
1595 4998 80327.3757392592 80334.77522516205 Guangzhou_0_1
1639 5042 80334.8437128349 80342.24319873776 Guangzhou_1_0
1683 5086 80342.2511923471 80349.65067824996 Guangzhou_1_1
5555 13228 80409.25682331713 80416.65630922 Calcultta_0_1
5510 13185 80416.68408987611 80424.08357577898 Calcultta_0_0
7184 18972 80576.95437783003 80584.35386373289 Almaty_1_0
7243 19031 80584.41973579527 80591.81922169813 Almaty_1_1
7066 18854 80591.9867211045 80599.38620700737 Almaty_0_0
7125 18913 80599.4511093495 80606.85059525236 Almaty_0_1
1186 3436 81988.72161284089 81996.12109874375 Brampton_0_0
16004 44126 82019.31784557318 82026.71733147604 Medford_0_0
15028 41515 82028.04397660917 82035.44346251203 Hebron_1_1
14873 41360 82035.60409744535 82043.00358334821 Hebron_0_0
14976 41463 82043.2952167293 82050.69470263216 Hebron_1_0
15685 43001 82055.61501447762 82063.01450038048 Lansdale_1_1
15583 42899 82063.4175239891 82070.81700989197 Lansdale_0_1
15634 42950 82071.37613436356 82078.77562026642 Lansdale_1_0
15532 42848 82079.1767619615 82086.57624786436 Lansdale_0_0
12879 36801 82089.24645812552 82096.64594402838 Baltimore_0_1
13704 39174 82106.02745217805 82113.42693808091 Dulles_0_1
13755 39225 82114.08609383302 82121.48557973588 Dulles_1_0
13654 39124 82121.9731286749 82129.37261457776 Dulles_0_0
13344 38327 82148.38486075659 82155.78434665945 Columbus_0_0
15429 42541 82167.75155188494 82175.1510377878 Joliet_0_0
15940 43490 82192.35326476104 82199.7527506639 Little Hocking_1_0
15891 43441 82200.30317847712 82207.70266437998 Little Hocking_0_0
13029 37198 82219.95764093575 82227.35712683861 Carmel_1_0
12932 37101 82227.7104319988 82235.10991790166 Carmel_0_0
17588 49709 82235.22778814711 82242.62727404997 Whitestown_1_0
17236 49160 82247.44938469144 82254.8488705943 Vandalia_0_1
17188 49112 82254.88886334811 82262.28834925097 Vandalia_0_0
14822 41309 82263.7237555878 82271.12324149066 Hazelwood_1_0
14774 41261 82271.32966097292 82278.72914687578 Hazelwood_0_0
16376 45528 82280.86208502369 82288.26157092655 Moberly_1_1
16276 45428 82288.41114782295 82295.8106337258 Moberly_0_1
16326 45478 82295.97748194542 82303.37696784828 Moberly_1_0
15785 43101 82304.28301877485 82311.68250467771 Laredo_1_0
15736 43052 82311.81075382404 82319.2102397269 Laredo_0_0
16590 45981 82327.04355701306 82334.44304291593 New Johnsonville_1_1
17486 49503 82356.1286347809 82363.52812068375 West Columbia_0_1
16537 45928 82385.15113439047 82392.55062029333 New Johnsonville_1_0
17434 49451 82414.34377932789 82421.74326523075 West Columbia_0_0
16431 45822 82443.86134306557 82451.26082896843 New Johnsonville_0_0
15134 41866 82454.76080722648 82462.16029312935 Huntsville_0_1
15082 41814 82462.24594775376 82469.64543365662 Huntsville_0_0
17162 48850 82470.02291580405 82477.4224017069 Triana_0_1
13958 39744 82481.29130774239 82488.69079364525 Edwardsville_0_0
16406 45676 82503.12690245769 82510.52638836055 Morrisville_0_0
17165 49008 82521.07599709583 82528.47548299869 Vance_1_0
13904 39496 82536.25667239421 82543.65615829708 Edison_0_1
13855 39447 82543.78927059623 82551.18875649909 Edison_0_0
14575 41016 82557.2437608976 82564.64324680046 Greenville_0_0
14521 40962 82575.46603428024 82582.8655201831 Grapevine_1_1
14417 40858 82583.04651059146 82590.44599649432 Grapevine_0_1
17132 48696 82619.89409883998 82627.29358474285 Tampa_1_1
17034 48598 82627.93367094391 82635.33315684677 Tampa_0_1
16103 44225 82662.60177060682 82670.00125650968 Melville_1_0
16053 44175 82662.8264654354 82670.22595133826 Melville_0_0
7770 20539 82675.22650040126 82682.62598630412 Pachuca_1_1
7724 20493 82682.63937260894 82690.0388585118 Pachuca_1_0
7679 20448 82690.15278277993 82697.55226868279 Pachuca_0_1
7633 20402 82697.56515652183 82704.96464242469 Pachuca_0_0
6049 15507 85862.58225393295 85869.98173983581 Salem_1_0
5961 15419 85870.6039543112 85878.00344021406 Salem_0_0
6093 15551 85878.75171960915 85886.15120551201 Salem_1_1
6005 15463 85886.77061335777 85894.17009926063 Salem_0_1
5915 15199 85933.55579352379 85940.95527942665 Panjim_0_0
5760 14116 86032.87701910734 86040.2765050102 Indore_1_0
5715 14071 86040.95300130083 86048.3524872037 Indore_0_0
5855 14397 86051.35882370244 86058.7583096053 Kanpur_1_0
5809 14351 86059.43038026933 86066.8298661722 Kanpur_0_0
5421 13007 86070.57624916265 86077.97573506551 Baroda_1_0
5333 12919 86078.63991132795 86086.03939723081 Baroda_0_0
5511 13186 86114.39055766231 86121.79004356517 Calcultta_0_0
5465 13051 86149.31804109876 86156.71752700162 Baroda_1_1
5377 12963 86157.38171612969 86164.78120203255 Baroda_0_1
5556 13229 86193.00698185596 86200.40646775882 Calcultta_0_1
8166 22147 86244.33181074444 86251.7312966473 Karachi_0_0
5236 12736 86300.09318190363 86307.4926678065 Ahmedabad_0_0
5284 12784 86307.50110816762 86314.90059407048 Ahmedabad_0_1
