11206 32194 0.0 7.399485902854087 Kaohsiung_0_0
2270 6140 8.361596400257163 15.76108230311125 Xiamen_0_0
11440 32518 16.723913641804938 24.123399544659023 Tainan_0_0
11486 32564 24.241411656775668 31.640897559629757 Tainan_1_0
11711 32789 32.98773186880224 40.38721777165633 Teiyuan_0_0
11621 32699 40.38721777165633 47.78670367451042 Taoyuan_0_0
11251 32239 47.8524331262972 55.25191902915129 Linkou_0_0
11756 32834 55.264115861475965 62.66360176433005 Teiyuan_0_1
11666 32744 62.66360176433005 70.06308766718413 Taoyuan_0_1
11531 32609 70.27789300649829 77.67737890935237 Taipei_0_0
11296 32284 77.82588154987626 85.22536745273034 Linkou_0_1
11576 32654 85.42947557957501 92.8289614824291 Taipei_0_1
11344 32332 93.95763122740625 101.35711713026033 Nankan_0_0
11392 32380 101.48836300872759 108.88784891158167 Nankan_1_0
1753 5156 111.64125182169411 119.0407377245482 Ningbo_0_0
1852 5255 119.24055929627905 126.64004519913313 Ningbo_1_0
1803 5206 126.76646406931935 134.16594997217345 Ningbo_0_1
1901 5304 134.36726666709322 141.7667525699473 Ningbo_1_1
2168 5571 142.03144708577508 149.43093298862917 Shanghai_0_0
2218 5621 149.5097804632734 156.90926636612747 Shanghai_0_1
6932 18671 205.2163938024401 212.6158797052942 Tokyo_0_1
9965 28250 243.8060044040994 251.2054903069535 Seoul_1_0
9916 28203 251.73060541516975 259.13009131802386 Seoul_0_0
950 2618 2748.138723015785 2755.538208918639 Campinas_0_1
902 2570 2755.5535861884273 2762.9530720912812 Campinas_0_0
1048 2808 2776.5262258946896 2783.9257117975435 Paranagua_0_0
998 2666 2784.6345584109954 2792.0340443138493 Curitiba_0_0
12792 36258 2880.6424381434917 2888.0419240463457 Montevideo_1_1
12684 36150 2888.3747256931597 2895.7742115960136 Montevideo_0_1
12738 36204 2896.1690557637817 2903.5685416666356 Montevideo_1_0
12630 36096 2903.8990720817555 2911.2985579846095 Montevideo_0_0
154 360 4775.32945355773 4782.728939460584 Adelaide_1_0
50 256 4782.799283439596 4790.198769342451 Adelaide_0_0
206 412 4790.307814717183 4797.707300620037 Adelaide_1_1
102 308 4797.776976236258 4805.176462139112 Adelaide_0_1
465 964 4849.555766627158 4856.955252530012 Perth_0_0
8516 22580 5562.265279024839 5569.664764927694 Manila_1_0
8434 22498 5569.816210954449 5577.215696857304 Manila_0_0
8557 22621 5577.391656375171 5584.791142278025 Manila_1_1
11207 32195 5698.752467423677 5706.151953326532 Kaohsiung_0_0
11393 32381 5759.557039350271 5766.956525253126 Nankan_1_0
11345 32333 5767.08219628951 5774.481682192364 Nankan_0_0
1853 5256 5861.474407166243 5868.873893069097 Ningbo_1_0
1754 5157 5868.962190502347 5876.361676405201 Ningbo_0_0
1902 5305 5876.457550086947 5883.857035989801 Ningbo_1_1
1804 5207 5883.944958825799 5891.344444728654 Ningbo_0_1
2169 5572 5891.361692645511 5898.761178548365 Shanghai_0_0
1524 4789 5927.849943094706 5935.24942899756 Chongqing_1_0
1475 4740 5935.87974510572 5943.279231008574 Chongqing_0_0
1426 4642 5970.08301987638 5977.482505779234 Beijing_0_0
1212 3462 7584.347982734442 7591.747468637296 Brampton_0_0
16028 44150 7609.494676085735 7616.894161988589 Medford_0_0
15051 41538 7619.6094889533115 7627.008974856166 Hebron_1_1
14948 41435 7627.485895932304 7634.885381835158 Hebron_0_1
14999 41486 7635.492597129458 7642.892083032312 Hebron_1_0
14896 41383 7643.3720844458285 7650.771570348683 Hebron_0_0
17408 49425 7652.840720731474 7660.240206634328 Watertown_0_0
13366 38349 7679.848682910204 7687.248168813058 Columbus_0_0
15961 43511 7688.604467959616 7696.003953862471 Little Hocking_1_0
15912 43462 7696.16551181797 7703.564997720824 Little Hocking_0_0
17508 49525 7748.502988666296 7755.90247456915 West Columbia_0_1
17456 49473 7755.933415774534 7763.332901677389 West Columbia_0_0
17153 48717 7855.341470003128 7862.740955905982 Tampa_1_1
17055 48619 7862.9513038325695 7870.350789735424 Tampa_0_1
17104 48668 7870.593832234369 7877.9933181372235 Tampa_1_0
17007 48571 7878.204905108756 7885.6043910116105 Tampa_0_0
6070 15528 11464.544584065676 11471.94406996853 Salem_1_0
5982 15440 11472.201460783364 11479.600946686218 Salem_0_0
6114 15572 11479.923365171542 11487.322851074396 Salem_1_1
6026 15484 11487.581948652249 11494.981434555102 Salem_0_1
5934 15218 11585.047342598438 11592.446828501292 Panjim_0_0
5533 13206 11615.858806100607 11623.25829200346 Calcultta_0_0
5578 13249 11623.41633264115 11630.815818544004 Calcultta_0_1
5779 14135 11663.085253357887 11670.48473926074 Indore_1_0
5734 14090 11670.653213461217 11678.05269936407 Indore_0_0
5874 14416 11678.906798088128 11686.306283990982 Kanpur_1_0
5828 14370 11686.49221275804 11693.891698660893 Kanpur_0_0
5676 13434 11735.638048738241 11743.037534641095 Chandigarh_1_0
5627 13385 11743.457294215821 11750.856780118675 Chandigarh_0_0
8287 22268 11771.257622152567 11778.65710805542 Lahore_0_1
7213 19001 11915.926809489727 11923.32629539258 Almaty_1_0
7095 18883 11923.83594238591 11931.235428288763 Almaty_0_0
7272 19060 11931.92436807907 11939.323853981923 Almaty_1_1
7154 18942 11939.832863143696 11947.23234904655 Almaty_0_1
1213 3463 13456.793532043695 13464.193017946549 Brampton_0_0
15709 43025 13589.222226470709 13596.621712373562 Lansdale_1_1
15607 42923 13596.68103098369 13604.080516886543 Lansdale_0_1
15658 42974 13604.179545699551 13611.579031602405 Lansdale_1_0
15556 42872 13611.637720937979 13619.037206840832 Lansdale_0_0
13416 38399 13623.49195342495 13630.891439327803 Columbus_1_0
13367 38350 13631.051957186326 13638.45144308918 Columbus_0_0
13101 37270 13642.132444431603 13649.531930334457 Carmel_1_1
13003 37172 13649.781342526634 13657.180828429488 Carmel_0_1
13052 37221 13657.54188861625 13664.941374519103 Carmel_1_0
17611 49732 13665.280252322604 13672.679738225457 Whitestown_1_0
12955 37124 13672.771047376064 13680.170533278917 Carmel_0_0
17563 49684 13680.517236509702 13687.916722412556 Whitestown_0_0
17259 49183 13692.327199107065 13699.726685009919 Vandalia_0_1
17211 49135 13699.868907759097 13707.26839366195 Vandalia_0_0
14797 41284 13710.042836397053 13717.442322299907 Hazelwood_0_0
15212 41944 13727.53525306617 13734.934738969023 Huntsville_1_0
7606 20375 13769.495256990194 13776.894742893048 Monterrey_1_0
7560 20329 13777.516792545615 13784.916278448469 Monterrey_0_0
7459 19774 13839.303311794996 13846.70279769785 Aguascalientes_1_0
7415 19731 13847.27387245114 13854.673358353994 Aguascalientes_0_0
7789 20558 13870.964390408339 13878.363876311192 Pachuca_1_1
7698 20467 13879.046866724406 13886.44635262726 Pachuca_0_1
7743 20512 13887.289440995999 13894.688926898853 Pachuca_1_0
5935 15219 17481.394600957632 17488.794086860486 Panjim_0_0
5780 14136 17600.537281036377 17607.93676693923 Indore_1_0
5735 14091 17608.028179895144 17615.427665797997 Indore_0_0
5875 14417 17630.102026432753 17637.501512335606 Kanpur_1_0
5829 14371 17637.585297623693 17644.984783526546 Kanpur_0_0
5441 13027 17645.500202963533 17652.899688866386 Baroda_1_0
5353 12939 17652.99992229396 17660.399408196812 Baroda_0_0
5485 13071 17660.511675877773 17667.911161780627 Baroda_1_1
5397 12983 17668.01091879123 17675.410404694085 Baroda_0_1
8189 22170 17680.370901310085 17687.77038721294 Karachi_0_0
1358 3608 19252.122137755156 19259.52162365801 Calgary_1_0
1285 3535 19259.96049035725 19267.359976260104 Calgary_0_0
13626 39096 19466.88561999798 19474.28510590083 Denver_1_1
13526 38996 19474.39583946063 19481.795325363484 Denver_0_1
13576 39046 19481.96761667619 19489.367102579043 Denver_1_0
13476 38946 19489.47682868079 19496.876314583642 Denver_0_0
16948 47746 19505.123521485522 19512.523007388376 Salt Lake City_1_1
16850 47648 19512.82034045488 19520.219826357734 Salt Lake City_0_1
16899 47697 19520.646183568697 19528.04566947155 Salt Lake City_1_0
16800 47598 19528.34101656815 19535.740502471002 Salt Lake City_0_0
16729 46412 19557.44389694929 19564.843382852145 Phoenix_0_1
16676 46359 19564.93178655984 19572.331272462692 Phoenix_0_0
13205 37572 19586.360179460524 19593.759665363377 Carson_0_1
7846 21036 22751.26059269905 22758.660078601904 Maputo_0_0
7891 21079 22758.67643712256 22766.075923025415 Maputo_0_1
9483 27135 22852.134284704924 22859.533770607777 Polokwane_1_0
9390 27042 22859.619715165994 22867.019201068848 Polokwane_0_0
9529 27180 22867.114283384944 22874.513769287798 Polokwane_1_1
9436 27088 22874.60009746466 22881.999583367513 Polokwane_0_1
7316 19146 22907.73892235756 22915.138408260413 Lilongwe_0_0
7358 19188 22915.180619511902 22922.580105414756 Lilongwe_0_1
6339 16787 23586.698574513197 23594.09806041605 Lod_0_0
2505 7302 23612.48384107569 23619.883326978543 Alexandria_0_0
2554 7351 23620.04442293692 23627.443908839774 Alexandria_0_1
6393 17036 23648.10521553426 23655.504701437112 Migdal Haemek_0_0
6443 17086 23655.6095438736 23663.009029776455 Migdal Haemek_0_1
11810 33007 23714.929671049118 23722.32915695197 Ankara_0_0
11968 33165 23738.93833205104 23746.337817953892 Istanbul_1_0
11863 33060 23746.875806938675 23754.27529284153 Istanbul_0_0
12021 33218 23754.984715572577 23762.38420147543 Istanbul_1_1
11915 33112 23762.920957768405 23770.32044367126 Istanbul_0_1
9016 24604 23802.78383871913 23810.183324621983 Otopeni_0_0
9078 24666 23810.366860212354 23817.766346115208 Otopeni_0_1
3015 8700 24039.321630597115 24046.721116499968 Nice_0_0
3078 8763 24046.761818666953 24054.161304569807 Nice_0_1
699 1198 24060.469285417825 24067.86877132068 Graz_1_0
634 1133 24068.036873607045 24075.4363595099 Graz_0_0
6643 17758 24080.34241295161 24087.741898854463 Milan_1_0
6513 17628 24087.81475747367 24095.214243376522 Milan_0_0
6708 17823 24095.34336617824 24102.742852081094 Milan_1_1
6578 17693 24102.816481579055 24110.21596748191 Milan_0_1
4338 10433 24110.462728062786 24117.86221396564 Freiburg_0_0
4860 12213 24118.814437947975 24126.213923850828 Stuttgart_0_0
4928 12281 24126.286803751602 24133.686289654455 Stuttgart_0_1
4782 11453 24133.821101185735 24141.22058708859 Mannheim_0_0
4196 10291 24141.710982637178 24149.11046854003 Frankfurt_1_0
4269 10364 24149.18997704627 24156.589462949123 Frankfurt_1_1
4559 10806 24158.406944194943 24165.806430097797 Hannover_1_0
4413 10660 24165.925249184518 24173.32473508737 Hannover_0_0
4486 10733 24173.427033091597 24180.82651899445 Hannover_0_1
3443 9399 24181.14358398193 24188.543069884785 Bremen_0_0
2454 7251 24193.92674092046 24201.326226823312 Hvidovre_1_0
2370 7167 24201.51512781166 24208.914613714514 Hvidovre_0_0
11054 31238 24210.601086727314 24218.000572630168 Gothenburg_1_0
10876 31060 24218.199648554095 24225.59913445695 Gothenburg_0_0
11144 31328 24225.978602761683 24233.378088664536 Gothenburg_1_1
10965 31149 24233.578720440575 24240.97820634343 Gothenburg_0_1
9861 27815 28535.352403640747 28542.7518895436 Welkom_0_0
7847 21037 28605.847037762403 28613.246523665257 Maputo_0_0
7892 21080 28613.294893310223 28620.694379213077 Maputo_0_1
9266 25390 28625.799780947826 28633.19926685068 Bedfordview_0_0
9766 27623 28633.365978833506 28640.76546473636 Spartan_0_0
9674 27532 28641.077435430812 28648.476921333666 Roodepoort_1_0
9581 27440 28648.745623479026 28656.14510938188 Roodepoort_0_0
9312 25435 28656.644660974376 28664.04414687723 Bedfordview_0_1
9812 27668 28664.209640386165 28671.60912628902 Spartan_0_1
9721 27579 28671.918895040875 28679.31838094373 Roodepoort_1_1
9628 27487 28679.585237488875 28686.984723391728 Roodepoort_0_1
9484 27136 28690.3055901689 28697.705076071754 Polokwane_1_0
10426 29981 29680.31799018383 29687.717476086684 Linares_1_0
10373 29928 29687.94484295343 29695.344328856285 Linares_0_0
10548 30426 29702.06257912332 29709.462065026175 Valencia_0_0
10254 29231 29718.16136955421 29725.560855457064 El Prat De Llobregat_1_0
10198 29175 29726.05348206955 29733.452967972404 El Prat De Llobregat_0_0
10087 29066 29746.78869810586 29754.18818400871 Coslada_0_0
8897 24375 29760.442984320416 29767.84247022327 Vila Franca Xira_1_0
8785 24263 29767.955814285233 29775.355300188086 Vila Franca Xira_0_0
10019 28302 29782.330336503943 29789.729822406796 Alovera_0_0
10319 29874 29790.749115904204 29798.148601807057 Las Rozas_0_0
10142 29119 29798.675641063077 29806.07512696593 Coslada_0_1
10603 30481 29811.010955815123 29818.410441717977 Vigo_0_0
10661 30539 29818.489108955935 29825.88859485879 Vigo_0_1
4339 10434 29866.036711187706 29873.43619709056 Freiburg_0_0
4929 12282 29876.424338093024 29883.823823995877 Stuttgart_0_1
4783 11454 29884.85525514322 29892.254741046072 Mannheim_0_0
4197 10292 29893.203490808668 29900.60297671152 Frankfurt_1_0
4270 10365 29900.67210366483 29908.071589567684 Frankfurt_1_1
5206 12556 29910.618496514864 29918.017982417718 Troisdorf-Spich_1_0
12109 33655 29933.21748493414 29940.616970836993 Aberdeen_0_0
8023 21724 32567.259394317865 32574.65888022072 Auckland_0_0
8136 21897 32577.730774760246 32585.1302606631 Hamilton_0_1
8080 21841 32585.268641848947 32592.6681277518 Hamilton_0_0
15332 42258 32614.856771796098 32622.25625769895 Ironton_0_0
10427 29982 35627.81823545694 35635.2177213598 Linares_1_0
10374 29929 35635.30895412687 35642.708440029724 Linares_0_0
8898 24376 35646.791094507134 35654.19058040999 Vila Franca Xira_1_0
8786 24264 35654.37830145901 35661.77778736186 Vila Franca Xira_0_0
8954 24432 35661.9912331662 35669.39071906905 Vila Franca Xira_1_1
8842 24320 35669.5773479057 35676.976833808556 Vila Franca Xira_0_1
10088 29067 35681.3280662258 35688.72755212865 Coslada_0_0
10320 29875 35688.888947797226 35696.28843370008 Las Rozas_0_0
10020 28303 35696.61355248726 35704.01303839011 Alovera_0_0
10143 29120 35704.17271694419 35711.57220284704 Coslada_0_1
10604 30482 35715.21838008811 35722.617865990964 Vigo_0_0
10662 30540 35722.638346830485 35730.03783273334 Vigo_0_1
12480 34324 35897.23053300381 35904.63001890666 Birmingham_0_0
12554 34398 35904.68541157592 35912.08489747877 Birmingham_1_0
6201 16212 35915.61795624199 35923.01744214485 Shannon_0_0
6277 16288 35923.02648658712 35930.425972489975 Shannon_0_1
12110 33656 35962.22998300195 35969.6294689048 Aberdeen_0_0
572 1071 38446.662322729826 38454.06180863268 Sydney_0_1
520 1019 38454.20526807179 38461.60475397464 Sydney_0_0
207 413 38549.67201304436 38557.07149894721 Adelaide_1_1
103 309 38557.25398014615 38564.65346604901 Adelaide_0_1
155 361 38564.91727385954 38572.31675976239 Adelaide_1_0
51 257 38572.50070149735 38579.900187400206 Adelaide_0_0
414 714 38593.8606676079 38601.26015351075 Derrimut_1_1
312 612 38601.72957384512 38609.129059747975 Derrimut_0_1
363 663 38609.76532351232 38617.164809415175 Derrimut_1_0
261 561 38617.63569541868 38625.03518132153 Derrimut_0_0
1286 3536 38662.131555611486 38669.53104151434 Calgary_0_0
1359 3609 38669.63780180474 38677.03728770759 Calgary_1_0
1145 2954 40616.54026556015 40623.939751463 Rio De Janeiro_1_0
1097 2906 40624.05158001588 40631.451065918736 Rio De Janeiro_0_0
6827 18464 43242.111537605524 43249.51102350838 Narita_0_1
9966 28251 43326.281428426504 43333.68091432936 Seoul_1_0
9917 28204 43333.791254413634 43341.19074031649 Seoul_0_0
6774 18411 43367.856753299406 43375.25623920226 Narita_0_0
7037 18776 43376.76682688286 43384.16631278571 Tokyo_1_1
6933 18672 43384.75353889048 43392.15302479333 Tokyo_0_1
6985 18724 43392.89988506011 43400.299370962966 Tokyo_1_0
6881 18620 43400.888740003946 43408.2882259068 Tokyo_0_0
208 414 44459.39039155841 44466.78987746126 Adelaide_1_1
104 310 44466.8962429986 44474.29572890145 Adelaide_0_1
156 362 44474.41029735612 44481.80978325897 Adelaide_1_0
52 258 44481.91567884902 44489.315164751875 Adelaide_0_0
466 965 44541.371727473226 44548.77121337608 Perth_0_0
12739 36205 46231.810693860054 46239.21017976291 Montevideo_1_0
12631 36097 46239.643733464465 46247.04321936732 Montevideo_0_0
12793 36259 46247.57440491841 46254.97389082126 Montevideo_1_1
12685 36151 46255.41032991733 46262.80981582018 Montevideo_0_1
1049 2809 46369.03864994645 46376.438135849305 Paranagua_0_0
999 2667 46378.22614892221 46385.62563482506 Curitiba_0_0
1146 2955 46445.67801377177 46453.077499674626 Rio De Janeiro_1_0
1098 2907 46453.22003528464 46460.619521187495 Rio De Janeiro_0_0
903 2571 46465.2567719664 46472.656257869254 Campinas_0_0
951 2619 46472.73894858667 46480.13843448953 Campinas_0_1
17106 48670 47481.10807719827 47488.50756310112 Tampa_1_0
17009 48573 47489.24224832654 47496.64173422939 Tampa_0_0
17155 48719 47496.74250484653 47504.141990749384 Tampa_1_1
17057 48621 47504.21214508366 47511.61163098651 Tampa_0_1
17458 49475 47513.81766233447 47521.21714823732 West Columbia_0_0
17510 49527 47521.27103346385 47528.6705193667 West Columbia_0_1
15864 43414 47543.218003958464 47550.61748986132 Lawrenceville_0_0
13983 39769 47602.51566693187 47609.91515283472 Edwardsville_0_0
14034 39820 47609.947917044265 47617.34740294712 Edwardsville_0_1
1214 3464 47625.626116263826 47633.02560216668 Brampton_0_0
9967 28252 49145.24063950777 49152.640125410624 Seoul_1_0
9918 28205 49152.82220807789 49160.22169398074 Seoul_0_0
1427 4643 49187.40920535386 49194.808691256716 Beijing_0_0
2120 5523 49211.512855179426 49218.91234108228 Qingdao_1_1
2011 5414 49219.349822582975 49226.74930848583 Qingdao_0_1
2065 5468 49227.33734161351 49234.73682751636 Qingdao_1_0
1957 5360 49235.17232543293 49242.57181133579 Qingdao_0_0
2220 5623 49248.824162447934 49256.22364835079 Shanghai_0_1
2170 5573 49256.33331652594 49263.73280242879 Shanghai_0_0
1903 5306 49269.25772443414 49276.65721033699 Ningbo_1_1
1805 5208 49276.952531613446 49284.3520175163 Ningbo_0_1
1854 5257 49284.74656013239 49292.14604603525 Ningbo_1_0
1755 5158 49292.43933756804 49299.83882347089 Ningbo_0_0
11623 32701 49359.94985988736 49367.349345790215 Taoyuan_0_0
2272 6142 49373.390792719314 49380.79027862217 Xiamen_0_0
11208 32196 49398.55032265186 49405.94980855472 Kaohsiung_0_0
1705 5108 49426.17693483318 49433.57642073603 Guangzhou_1_1
1617 5020 49434.25545661049 49441.65494251334 Guangzhou_0_1
1661 5064 49442.49649015121 49449.89597605406 Guangzhou_1_0
8476 22540 49552.508128643036 49559.90761454589 Manila_0_1
467 966 50376.9494125247 50384.348898427554 Perth_0_0
13929 39521 50433.65697743595 50441.056463338806 Edison_0_1
13880 39472 50441.11432293519 50448.51380883804 Edison_0_0
15265 41997 50450.62531475864 50458.02480066149 Huntsville_1_1
15213 41945 50458.09541209935 50465.4948980022 Huntsville_1_0
14280 40065 50465.702188410345 50473.1016743132 Elk Grove Village_0_0
14328 40113 50473.170658462295 50480.57014436515 Elk Grove Village_0_1
14701 41141 50480.93853355435 50488.3380194572 Hanover Park_0_0
14749 41189 50488.409158115006 50495.80864401786 Hanover Park_0_1
15333 42259 50507.173141555075 50514.57262745793 Ironton_0_0
7744 20513 53140.89676088095 53148.2962467838 Pachuca_1_0
7653 20422 53148.48078813221 53155.880274035066 Pachuca_0_0
7790 20559 53156.12168058983 53163.52116649268 Pachuca_1_1
7699 20468 53163.70702077826 53171.10650668111 Pachuca_0_1
17107 48671 53220.12948968846 53227.52897559131 Tampa_1_0
17010 48574 53227.780852270356 53235.18033817321 Tampa_0_0
17156 48720 53235.47291826701 53242.872404169866 Tampa_1_1
17058 48622 53243.12274687761 53250.522232780466 Tampa_0_1
7607 20376 53298.98863746629 53306.38812336914 Monterrey_1_0
13417 38400 53391.375600636005 53398.77508653886 Columbus_1_0
13368 38351 53398.9533093859 53406.35279528875 Columbus_0_0
13053 37222 53410.299550710995 53417.69903661385 Carmel_1_0
12956 37125 53417.973075255824 53425.37256115868 Carmel_0_0
13004 37173 53425.423758804405 53432.82324470726 Carmel_0_1
15453 42565 53435.90003346748 53443.29951937033 Joliet_0_0
15398 42324 53475.2283590734 53482.627844976254 Ironton_1_0
7273 19061 55102.89413547516 55110.29362137801 Almaty_1_1
7155 18943 55110.38077474838 55117.780260651234 Almaty_0_1
7214 19002 55117.870539432355 55125.27002533521 Almaty_1_0
7096 18884 55125.35752191844 55132.757007821296 Almaty_0_0
8390 22371 55356.71198248863 55364.111468391486 Lahore_1_1
8288 22269 55364.19113288497 55371.59061878782 Lahore_0_1
8339 22320 55371.676001632135 55379.07548753499 Lahore_1_0
8238 22219 55379.15547387665 55386.5549597795 Lahore_0_0
5677 13435 55388.143778263584 55395.54326416644 Chandigarh_1_0
5628 13386 55395.66228446672 55403.061770369575 Chandigarh_0_0
5309 12809 55427.98519693006 55435.38468283291 Ahmedabad_0_1
5261 12761 55435.53918969627 55442.93867559912 Ahmedabad_0_0
5876 14418 55505.25084191561 55512.65032781846 Kanpur_1_0
5830 14372 55512.741271854095 55520.14075775695 Kanpur_0_0
5781 14137 55531.11722442508 55538.51671032793 Indore_1_0
5736 14092 55539.283242464066 55546.68272836692 Indore_0_0
5936 15220 55594.1023247838 55601.501810686656 Panjim_0_0
6115 15573 55607.2643197797 55614.663805682554 Salem_1_1
6027 15485 55614.94819037453 55622.347676277386 Salem_0_1
6071 15529 55622.686105594934 55630.08559149779 Salem_1_0
5983 15441 55630.37177361735 55637.7712595202 Salem_0_0
1360 3610 55641.998740771305 55649.39822667416 Calgary_1_0
1287 3537 55649.64884348663 55657.04832938949 Calgary_0_0
7745 20514 59118.26606965065 59125.6655555535 Pachuca_1_0
7654 20423 59125.746906594155 59133.14639249701 Pachuca_0_0
7791 20560 59133.237493709734 59140.63697961259 Pachuca_1_1
7700 20469 59140.71794898912 59148.117434891974 Pachuca_0_1
7461 19776 59150.17915619368 59157.57864209653 Aguascalientes_1_0
7417 19733 59157.717918999275 59165.11740490213 Aguascalientes_0_0
7608 20377 59172.78952366114 59180.18900956399 Monterrey_1_0
7562 20331 59180.279485698644 59187.6789716015 Monterrey_0_0
7512 20101 59192.02704171176 59199.42652761461 Matamoros_0_0
14182 39968 59205.99461318086 59213.394099083715 Elgin_1_0
14084 39870 59213.76094384646 59221.16042974931 Elgin_0_0
14231 40017 59221.597008310084 59228.99649421294 Elgin_1_1
14133 39919 59229.36091104105 59236.7603969439 Elgin_0_1
16677 46360 59239.67630589868 59247.07579180154 Phoenix_0_0
16730 46413 59247.16600777632 59254.565493679176 Phoenix_0_1
17661 49782 59274.765299816216 59282.16478571907 Wilmington_0_0
15507 42823 59282.67314435708 59290.072630259936 Lakewood_0_0
13156 37523 59290.534935464835 59297.93442136769 Carson_0_0
13206 37573 59298.10191622537 59305.501402128226 Carson_0_1
7274 19062 60894.87979486585 60902.2792807687 Almaty_1_1
7156 18944 60902.54052211257 60909.94000801542 Almaty_0_1
7215 19003 60910.32766499725 60917.7271509001 Almaty_1_0
7097 18885 60917.98651409108 60925.38599999393 Almaty_0_0
8391 22372 61106.42667335272 61113.82615925557 Lahore_1_1
8289 22270 61114.0506709567 61121.45015685955 Lahore_0_1
8340 22321 61121.75810963165 61129.1575955345 Lahore_1_0
8239 22220 61129.380431083235 61136.77991698609 Lahore_0_0
5678 13436 61139.99582597582 61147.395311878674 Chandigarh_1_0
5629 13387 61147.54199057991 61154.94147648277 Chandigarh_0_0
8190 22171 61215.22718825936 61222.62667416222 Karachi_0_0
5877 14419 61279.399461477995 61286.79894738085 Kanpur_1_0
5831 14373 61286.964952055634 61294.36443795849 Kanpur_0_0
5486 13072 61295.48171165255 61302.881197555405 Baroda_1_1
5398 12984 61303.08310967221 61310.482595575064 Baroda_0_1
5442 13028 61310.74749390414 61318.146979806996 Baroda_1_0
5354 12940 61318.34742919885 61325.74691510171 Baroda_0_0
5782 14138 61326.98088003575 61334.3803659386 Indore_1_0
5737 14093 61334.55282034973 61341.952306252584 Indore_0_0
5937 15221 61428.856657385826 61436.25614328868 Panjim_0_0
9079 24667 66975.22540158033 66982.6248874832 Otopeni_0_1
9017 24605 66982.62531319475 66990.0247990976 Otopeni_0_0
12022 33219 66991.7590360019 66999.15852190476 Istanbul_1_1
11916 33113 66999.27091791668 67006.67040381955 Istanbul_0_1
11969 33166 67006.79154058431 67014.19102648717 Istanbul_1_0
11864 33061 67014.3039404419 67021.70342634476 Istanbul_0_0
11811 33008 67025.30352786841 67032.70301377127 Ankara_0_0
6444 17087 67041.52034786344 67048.9198337663 Migdal Haemek_0_1
6394 17037 67048.9953317331 67056.39481763596 Migdal Haemek_0_0
6340 16788 67062.22747594118 67069.62696184404 Lod_0_0
2555 7352 67121.65943619609 67129.05892209895 Alexandria_0_1
2506 7303 67129.08177795443 67136.48126385729 Alexandria_0_0
7359 19189 67781.54567322135 67788.94515912421 Lilongwe_0_1
7317 19147 67789.0611355286 67796.46062143146 Lilongwe_0_0
9531 27182 67942.27685505152 67949.67634095438 Polokwane_1_1
9438 27090 67950.33236183043 67957.73184773329 Polokwane_0_1
9485 27137 67958.53601267103 67965.93549857389 Polokwane_1_0
9392 27044 67966.58927514804 67973.9887610509 Polokwane_0_0
7893 21081 67985.81949835972 67993.21898426258 Maputo_0_1
7848 21038 67993.3064218675 68000.70590777036 Maputo_0_0
9813 27669 68015.64776787692 68023.04725377978 Spartan_0_1
9313 25436 68023.32881288107 68030.72829878393 Bedfordview_0_1
9722 27580 68031.13682666901 68038.53631257187 Roodepoort_1_1
9629 27488 68039.195534918 68046.59502082087 Roodepoort_0_1
9767 27624 68048.10314975117 68055.50263565403 Spartan_0_0
9267 25391 68055.783562687 68063.18304858985 Bedfordview_0_0
9675 27533 68063.59076213524 68070.9902480381 Roodepoort_1_0
9582 27441 68071.6483037954 68079.04778969826 Roodepoort_0_0
9862 27816 68081.66700210617 68089.06648800903 Welkom_0_0
11146 31330 72562.9056776464 72570.30516354926 Gothenburg_1_1
10967 31151 72570.45903591646 72577.85852181932 Gothenburg_0_1
11056 31240 72578.03899339755 72585.43847930041 Gothenburg_1_0
10878 31062 72585.59351163011 72592.99299753297 Gothenburg_0_0
12111 33657 72754.10646766424 72761.5059535671 Aberdeen_0_0
2456 7253 72769.68900078049 72777.08848668335 Hvidovre_1_0
2372 7169 72777.26752761014 72784.667013513 Hvidovre_0_0
8718 23466 72801.62008129004 72809.0195671929 Warsaw_0_1
12259 33805 72833.50608531752 72840.90557122038 Aylesford_0_1
12403 33949 72840.9619402189 72848.36142612176 Aylesford_1_1
7963 21225 72850.55100910967 72857.95049501253 Eindhoven_0_0
4712 11383 72858.91104525283 72866.31053115569 Koeln_0_0
5207 12557 72866.55816068046 72873.95764658332 Troisdorf-Spich_1_0
5135 12485 72874.0784884094 72881.47797431226 Troisdorf-Spich_0_0
4271 10366 72882.90324260421 72890.30272850707 Frankfurt_1_1
4126 10221 72890.45003249784 72897.8495184007 Frankfurt_0_1
4198 10293 72898.01432170937 72905.41380761223 Frankfurt_1_0
4784 11455 72905.69031517707 72913.08980107993 Mannheim_0_0
4930 12283 72913.81494620982 72921.21443211268 Stuttgart_0_1
4862 12215 72921.23569123515 72928.63517713801 Stuttgart_0_0
6710 17825 72929.26445110695 72936.66393700981 Milan_1_1
6580 17695 72936.84964235242 72944.24912825528 Milan_0_1
8081 21842 75877.60363176465 75885.00311766751 Hamilton_0_0
8137 21898 75885.03068665312 75892.43017255598 Hamilton_0_1
8024 21725 75896.87982556224 75904.2793114651 Auckland_0_0
11147 31331 78422.77779856324 78430.1772844661 Gothenburg_1_1
10968 31152 78430.36408921982 78437.76357512268 Gothenburg_0_1
11057 31241 78438.12274097156 78445.52222687443 Gothenburg_1_0
10879 31063 78445.70745509396 78453.10694099682 Gothenburg_0_0
2457 7254 78463.82734563947 78471.22683154233 Hvidovre_1_0
2373 7170 78471.3845662542 78478.78405215706 Hvidovre_0_0
8719 23467 78556.8189009428 78564.21838684566 Warsaw_0_1
8642 23390 78564.27905530958 78571.67854121244 Warsaw_0_0
12112 33658 78606.69130128363 78614.09078718649 Aberdeen_0_0
3369 9325 78645.33196066367 78652.73144656653 Berlin_1_0
3295 9251 78652.85058624476 78660.25007214762 Berlin_0_0
3678 9634 78664.97692839001 78672.37641429287 Bremen_1_1
9218 25207 78681.20200253038 78688.60148843324 Senec_1_0
9151 25140 78688.65976479014 78696.059250693 Senec_0_0
7964 21226 78707.9760696995 78715.37555560237 Eindhoven_0_0
4713 11384 78718.00738208285 78725.40686798572 Koeln_0_0
5208 12558 78725.94968178326 78733.34916768612 Troisdorf-Spich_1_0
5136 12486 78733.56562656861 78740.96511247147 Troisdorf-Spich_0_0
2952 8438 78742.19647811784 78749.5959640207 Lyon_1_0
2887 8373 78749.81956851753 78757.21905442039 Lyon_0_0
2821 8236 78766.27781043069 78773.67729633355 Bordeaux_1_1
2693 8108 78774.08453126784 78781.4840171707 Bordeaux_0_1
10785 30663 78784.92779491916 78792.32728082202 Vitoria-Gasteiz_0_1
10724 30602 78792.50817747603 78799.9076633789 Vitoria-Gasteiz_0_0
10663 30541 78818.05043073965 78825.44991664251 Vigo_0_1
8955 24433 78827.80514178424 78835.2046276871 Vila Franca Xira_1_1
8843 24321 78835.72723483822 78843.12672074109 Vila Franca Xira_0_1
8082 21843 81769.92313611507 81777.32262201793 Hamilton_0_0
8138 21899 81777.38209268145 81784.78157858431 Hamilton_0_1
8025 21726 81785.95587262511 81793.35535852797 Auckland_0_0
364 664 81885.47404524684 81892.8735311497 Derrimut_1_0
262 562 81892.9611631757 81900.36064907856 Derrimut_0_0
415 715 81900.45310468083 81907.85259058369 Derrimut_1_1
313 613 81907.9405686949 81915.34005459776 Derrimut_0_1
521 1020 81921.55127011878 81928.95075602164 Sydney_0_0
573 1072 81928.99072289889 81936.39020880175 Sydney_0_1
6986 18725 82976.92006206512 82984.31954796799 Tokyo_1_0
6775 18412 82985.58307239237 82992.98255829523 Narita_0_0
6882 18621 82994.69825355154 83002.0977394544 Tokyo_0_0
7038 18777 83002.70377616207 83010.10326206493 Tokyo_1_1
6828 18465 83011.37151881642 83018.77100471928 Narita_0_1
6934 18673 83020.49323982072 83027.89272572358 Tokyo_0_1
12113 33659 84371.77868315578 84379.17816905864 Aberdeen_0_0
12556 34400 84502.8063094616 84510.20579536445 Birmingham_1_0
12482 34326 84510.25114792139 84517.65063382425 Birmingham_0_0
6279 16290 84520.6394564916 84528.03894239446 Shannon_0_1
6203 16214 84528.12900131746 84535.52848722032 Shannon_0_0
1147 2956 85720.11801585555 85727.51750175841 Rio De Janeiro_1_0
1099 2908 85728.11547387547 85735.51495977833 Rio De Janeiro_0_0
952 2620 85751.00759709711 85758.40708299997 Campinas_0_1
904 2572 85758.56688441247 85765.96637031533 Campinas_0_0
1050 2810 85776.80125951767 85784.20074542053 Paranagua_0_0
1000 2668 85786.8575495764 85794.25703547926 Curitiba_0_0
12794 36260 85960.85041856766 85968.24990447052 Montevideo_1_1
12686 36152 85968.52996706175 85975.92945296461 Montevideo_0_1
12740 36206 85976.32091282179 85983.72039872465 Montevideo_1_0
12632 36098 85984.00242123062 85991.40190713348 Montevideo_0_0
