7981 21685 0.0 7.399485902854087 Auckland_0_0
8036 21797 7.971325424955465 15.370811327809552 Hamilton_0_0
8092 21853 15.426485014165015 22.825970917019102 Hamilton_0_1
9823 27777 1562.3907816112041 1569.7902675140583 Welkom_0_0
9544 27403 1627.1177632510662 1634.5172491539204 Roodepoort_0_0
9638 27497 1634.601262826504 1642.000748729358 Roodepoort_1_0
9591 27450 1642.0495078474298 1649.448993750284 Roodepoort_0_1
9230 25355 1649.5423279515971 1656.9418138544513 Bedfordview_0_0
9684 27542 1656.951832978489 1664.351318881343 Roodepoort_1_1
9730 27588 1664.4163475917626 1671.8158334946168 Spartan_0_0
9275 25399 1671.836648670779 1679.236134573633 Bedfordview_0_1
9775 27632 1679.2906499656822 1686.6901358685363 Spartan_0_1
10331 29886 2610.1903607845306 2617.5898466873846 Linares_0_0
10504 30382 2629.670166053261 2637.0696519561147 Valencia_0_0
10043 29022 2646.485400806004 2653.8848867088577 Coslada_0_0
9974 28257 2655.080388472147 2662.479874375001 Alovera_0_0
10275 29830 2664.5923955562807 2671.9918814591347 Las Rozas_0_0
10209 29186 2690.831480521567 2698.230966424421 El Prat De Llobregat_1_0
8853 24331 2731.409298885897 2738.808784788751 Vila Franca Xira_1_0
8797 24275 2738.9947887341273 2746.394274636981 Vila Franca Xira_0_1
10674 30552 2767.1315601632805 2774.5310460661344 Vitoria-Gasteiz_0_0
10734 30612 2774.6958616171064 2782.0953475199603 Vitoria-Gasteiz_0_1
10440 30106 2785.1380331434784 2792.5375190463324 Santander_0_0
10559 30437 2807.2709982630968 2814.6704841659507 Vigo_0_0
2577 7992 2840.1215492761585 2847.5210351790124 Bordeaux_0_0
3027 8712 2861.3337195386753 2868.733205441529 Nice_0_1
6592 17707 2870.856180822334 2878.255666725188 Milan_1_0
6657 17772 2878.2684443477006 2885.6679302505545 Milan_1_1
3092 8777 2892.905660197239 2900.3051461000928 Roissy Cdg Cedex_0_0
3160 8845 2900.3635281665033 2907.7630140693573 Roissy Cdg Cedex_0_1
5010 12363 2915.1614990923263 2922.56098499518 Stuttgart_1_1
12272 33818 2932.237603917997 2939.637089820851 Aylesford_1_0
12199 33745 2939.850773350054 2947.250259252908 Aylesford_0_1
4140 10235 2956.846940239631 2964.246426142485 Frankfurt_1_0
5149 12499 2965.4241055972802 2972.823591500134 Troisdorf-Spich_1_0
12494 34338 2984.8939825041525 2992.2934684070065 Birmingham_1_0
12420 34264 2992.634970768021 3000.034456670875 Birmingham_0_0
3766 9722 3012.6630893960437 3020.0625752988976 Dortmund_0_1
3916 9869 3020.1968146967583 3027.5963005996123 Dortmund_1_1
713 1212 3031.4134445011337 3038.8129304039876 Linz_0_0
4355 10602 3041.1053397547334 3048.5048256575874 Hannover_0_0
648 1147 3051.3176048757227 3058.7170907785767 Graz_1_0
4501 10748 3061.4276680776343 3068.827153980488 Hannover_1_0
4428 10675 3068.924519718945 3076.3240056217987 Hannover_0_1
4574 10821 3076.4257141086146 3083.8252000114685 Hannover_1_1
3383 9339 3084.5074481847764 3091.9069340876304 Bremen_0_0
3537 9493 3092.017610771613 3099.417096674467 Bremen_1_0
3460 9416 3099.520530586642 3106.920016489496 Bremen_0_1
3614 9570 3107.0301167072666 3114.4296026101206 Bremen_1_1
4347 10526 3115.0722551678873 3122.4717410707412 Hamburg_0_1
12042 33588 3134.4454984823133 3141.844984385167 Aberdeen_0_0
3233 9189 3155.5021752715256 3162.9016611743796 Berlin_0_0
3307 9263 3162.970217802841 3170.369703705695 Berlin_1_0
2303 7100 3170.891023137686 3178.2905090405397 Hvidovre_0_0
2387 7184 3178.3611784039604 3185.7606643068143 Hvidovre_1_0
10805 30989 3186.097602152645 3193.497088055499 Gothenburg_0_0
10983 31167 3193.5679275318294 3200.9674134346833 Gothenburg_1_0
10894 31078 3201.0425777797573 3208.442063682611 Gothenburg_0_1
11073 31257 3208.512626176717 3215.9121120795708 Gothenburg_1_1
7982 21686 5559.217992812395 5566.6174787152495 Auckland_0_0
8093 21854 5574.233178317547 5581.632664220401 Hamilton_0_1
8037 21798 5581.664134040037 5589.063619942892 Hamilton_0_0
530 1029 5682.322199076414 5689.7216849792685 Sydney_0_1
478 977 5689.7667961991265 5697.166282101981 Sydney_0_0
8742 24220 8672.069513231516 8679.46899913437 Vila Franca Xira_0_0
8798 24276 8679.470568024804 8686.870053927658 Vila Franca Xira_0_1
8854 24332 8686.935674920362 8694.335160823215 Vila Franca Xira_1_0
8910 24388 8694.336505351721 8701.735991254574 Vila Franca Xira_1_1
8961 24500 8734.787034928799 8742.186520831652 Vila Nova de Famalicao_0_1
10560 30438 8742.267440501586 8749.66692640444 Vigo_0_0
10616 30494 8749.667376695508 8757.066862598362 Vigo_0_1
10267 29651 8771.78228327632 8779.181769179173 La Coruna_0_1
6139 16150 8892.973224520683 8900.372710423537 Shannon_0_0
6215 16226 8900.378465222628 8907.777951125481 Shannon_0_1
531 1030 11442.673192858696 11450.07267876155 Sydney_0_1
479 978 11450.106368642162 11457.505854545016 Sydney_0_0
165 371 11491.155083212623 11498.554569115477 Adelaide_1_1
61 267 11499.058227848891 11506.457713751744 Adelaide_0_1
113 319 11507.126119760067 11514.52560566292 Adelaide_1_0
9 215 11515.030688458808 11522.430174361662 Adelaide_0_0
271 571 11545.100579003029 11552.500064905882 Derrimut_0_1
373 673 11552.951664028278 11560.351149931132 Derrimut_1_1
220 520 11560.694709339854 11568.094195242707 Derrimut_0_0
322 622 11568.54274173536 11575.942227638214 Derrimut_1_0
1108 2917 13498.76883494854 13506.168320851393 Rio De Janeiro_1_0
1060 2869 13506.545950562715 13513.945436465568 Rio De Janeiro_0_0
1012 2772 13524.251719653606 13531.65120555646 Paranagua_0_0
962 2630 13538.998715937138 13546.398201839991 Curitiba_0_0
866 2534 13548.853320419987 13556.25280632284 Campinas_0_0
914 2582 13556.283305513381 13563.682791416235 Campinas_0_1
15986 44108 14727.667652457952 14735.067138360806 Medford_0_0
15010 41497 14756.436286509037 14763.83577241189 Hebron_1_1
14958 41445 14763.87701316232 14771.276499065174 Hebron_1_0
14907 41394 14771.29315893258 14778.692644835433 Hebron_0_1
14855 41342 14778.733265297195 14786.132751200048 Hebron_0_0
17368 49387 14792.638782590628 14800.038268493481 Watertown_0_0
6786 18423 16216.752865493298 16224.152351396151 Narita_0_1
6893 18632 16225.166142553062 16232.565628455915 Tokyo_0_1
6997 18736 16232.890629236572 16240.290115139425 Tokyo_1_1
6733 18370 16241.095711374133 16248.495197276987 Narita_0_0
6841 18580 16249.502486627167 16256.90197253002 Tokyo_0_0
6945 18684 16257.224870927053 16264.624356829907 Tokyo_1_0
9925 28212 16302.848972509468 16310.248458412321 Seoul_1_0
9876 28165 16310.569987918547 16317.9694738214 Seoul_0_0
2075 5478 16325.892732119644 16333.292218022498 Qingdao_1_1
1967 5370 16333.420480213543 16340.819966116396 Qingdao_0_1
2021 5424 16340.961453787424 16348.360939690278 Qingdao_1_0
1913 5316 16348.489829660346 16355.8893155632 Qingdao_0_0
1387 4603 16358.229980777985 16365.629466680839 Beijing_0_0
2179 5582 16378.291567504406 16385.69105340726 Shanghai_0_1
2129 5532 16385.714759792285 16393.11424569514 Shanghai_0_0
1862 5265 16396.314245164394 16403.713731067248 Ningbo_1_1
1764 5167 16403.90116461371 16411.300650516565 Ningbo_0_1
1813 5216 16411.51535110246 16418.91483700531 Ningbo_1_0
1714 5117 16419.103336014497 16426.50282191735 Ningbo_0_0
11542 32620 16470.659523546696 16478.05900944955 Taipei_0_1
11262 32250 16478.35303343559 16485.752519338443 Linkou_0_1
11497 32575 16486.081153295014 16493.480639197867 Taipei_0_0
11722 32800 16493.833483057108 16501.23296895996 Teiyuan_0_1
11632 32710 16501.23296895996 16508.632454862814 Taoyuan_0_1
11217 32205 16508.689517717656 16516.08900362051 Linkou_0_0
11355 32343 16517.660569988682 16525.060055891536 Nankan_1_0
11587 32665 16526.60734019335 16534.006826096203 Taoyuan_0_0
11677 32755 16534.006826096203 16541.406311999057 Teiyuan_0_0
11307 32295 16543.118284740478 16550.51777064333 Nankan_0_0
11451 32529 16551.44351118501 16558.842997087864 Tainan_1_0
11405 32483 16559.033513633076 16566.43299953593 Tainan_0_0
11172 32160 16566.61856134255 16574.018047245405 Kaohsiung_0_0
2238 6108 16576.348042198417 16583.74752810127 Xiamen_0_0
8525 22589 16630.16026932001 16637.559755222865 Manila_1_1
8443 22507 16637.856357089728 16645.25584299258 Manila_0_1
8484 22548 16645.607758435955 16653.00724433881 Manila_1_0
8402 22466 16653.30572376764 16660.705209670494 Manila_0_0
427 927 17344.30285781622 17351.702343719073 Perth_0_0
12698 36164 19190.339079767466 19197.73856567032 Montevideo_1_0
12590 36056 19198.236840811624 19205.636326714477 Montevideo_0_0
12752 36218 19206.295333076556 19213.69481897941 Montevideo_1_1
12644 36110 19214.19174592743 19221.591231830284 Montevideo_0_1
963 2631 19388.454858630896 19395.85434453375 Curitiba_0_0
1013 2773 19396.399617916748 19403.7991038196 Paranagua_0_0
867 2535 19489.869632452726 19497.26911835558 Campinas_0_0
915 2583 19497.300586997746 19504.7000729006 Campinas_0_1
17067 48631 20300.657657295465 20308.05714319832 Tampa_1_0
17116 48680 20308.134129288603 20315.533615191456 Tampa_1_1
16972 48536 20315.829323004746 20323.2288089076 Tampa_0_0
17019 48583 20323.3042018949 20330.703687797755 Tampa_0_1
15458 42677 20342.876951634884 20350.276437537737 Ladson_1_0
15456 42573 20350.6583953608 20358.057881263652 Ladson_0_0
17418 49435 20365.143488556147 20372.542974459 West Columbia_0_0
13840 39432 20379.465618277143 20386.865104179997 Edison_0_0
13889 39481 20386.935709544494 20394.335195447347 Edison_0_1
15822 43372 20396.29718501621 20403.696670919064 Lawrenceville_0_0
14610 41051 20408.591721981764 20415.991207884617 Greenville_0_1
13739 39209 20439.851283604705 20447.25076950756 Dulles_1_0
13638 39108 20447.797560453262 20455.197046356116 Dulles_0_0
15066 41798 20501.095651183383 20508.495137086236 Huntsville_0_0
15118 41850 20508.56479209221 20515.964277995063 Huntsville_0_1
15923 43473 20526.603312104613 20534.002798007466 Little Hocking_1_0
14908 41395 20563.09022427849 20570.489710181344 Hebron_0_1
15011 41498 20570.883097111633 20578.282583014487 Hebron_1_1
13377 38360 20609.972236387188 20617.37172229004 Columbus_1_0
15987 44109 20651.70766306633 20659.107148969182 Medford_0_0
13061 37230 20698.46257730851 20705.862063211363 Carmel_1_1
14757 41244 20710.79192380015 20718.191409703002 Hazelwood_0_0
14239 40025 20721.74393186776 20729.143417770614 Elk Grove Village_0_0
14287 40072 20729.239427444867 20736.63891334772 Elk Grove Village_0_1
14506 40947 20718.884751409165 20726.28423731202 Grapevine_1_1
14401 40842 20726.35329071797 20733.752776620822 Grapevine_0_1
16039 44161 20783.850968440798 20791.25045434365 Melville_0_0
16309 45461 20839.96702043765 20847.366506340502 Moberly_1_0
16359 45511 20847.41999380277 20854.819479705624 Moberly_1_1
16209 45361 20854.96360137934 20862.363087282192 Moberly_0_0
16259 45411 20862.415723606046 20869.8152095089 Moberly_0_1
15768 43084 20870.1204720606 20877.519957963454 Laredo_1_0
13209 37581 20923.720091256182 20931.119577159036 Charleston_0_0
15344 42270 20975.181840965044 20982.581326867898 Ironton_1_0
15279 42205 20982.692985761736 20990.09247166459 Ironton_0_0
1388 4604 22077.473596036434 22084.873081939288 Beijing_0_0
1968 5371 22156.371477901936 22163.77096380479 Qingdao_0_1
2076 5479 22163.92335953926 22171.322845442115 Qingdao_1_1
1914 5317 22171.404033014616 22178.80351891747 Qingdao_0_0
2022 5425 22178.95465143754 22186.354137340393 Qingdao_1_0
9877 28166 22199.27517950535 22206.6746654082 Seoul_0_0
9926 28213 22206.739815765533 22214.139301668387 Seoul_1_0
1484 4749 22264.15882128477 22271.558307187624 Chongqing_1_0
1435 4700 22272.20119455784 22279.600680460695 Chongqing_0_0
2180 5583 22309.4623112656 22316.861797168454 Shanghai_0_1
2130 5533 22316.90754272924 22324.307028632094 Shanghai_0_0
1765 5168 22324.66478437196 22332.064270274812 Ningbo_0_1
1863 5266 22332.15750168034 22339.556987583193 Ningbo_1_1
1715 5118 22339.60881762578 22347.008303528633 Ningbo_0_0
1814 5217 22347.10074077137 22354.500226674223 Ningbo_1_0
1581 4984 22371.626154720783 22379.025640623637 Guangzhou_0_1
1669 5072 22379.281204831073 22386.680690733927 Guangzhou_1_1
11308 32296 22392.069392228328 22399.46887813118 Nankan_0_0
1537 4940 22405.034301397907 22412.43378730076 Guangzhou_0_0
1625 5028 22412.68755474972 22420.087040652572 Guangzhou_1_0
11356 32344 22425.49685680408 22432.896342706932 Nankan_1_0
2239 6109 22433.80616565729 22441.205651560143 Xiamen_0_0
11263 32251 22442.936355246333 22450.335841149186 Linkou_0_1
11633 32711 22450.33898031948 22457.738466222334 Taoyuan_0_1
11723 32801 22457.738466222334 22465.137952125187 Teiyuan_0_1
11218 32206 22465.1656853054 22472.565171208254 Linkou_0_0
11588 32666 22472.568232614158 22479.96771851701 Taoyuan_0_0
11678 32756 22479.96771851701 22487.367204419865 Teiyuan_0_0
11543 32621 22487.438686514106 22494.83817241696 Taipei_0_1
11498 32576 22494.86813959328 22502.267625496133 Taipei_0_0
11406 32484 22502.53056499998 22509.930050902833 Tainan_0_0
11452 32530 22510.011009707876 22517.41049561073 Tainan_1_0
11173 32161 22517.443171769573 22524.842657672427 Kaohsiung_0_0
7708 20477 26047.89641612768 26055.295902030535 Pachuca_1_0
7616 20385 26055.892247880885 26063.29173378374 Pachuca_0_0
7753 20522 26064.03556190661 26071.435047809464 Pachuca_1_1
7662 20431 26072.03324663808 26079.432732540932 Pachuca_0_1
7424 19740 26099.69861829281 26107.098104195662 Aguascalientes_1_0
7379 19695 26107.476931973484 26114.876417876338 Aguascalientes_0_0
15969 43621 26133.580861091614 26140.980346994467 Los Indios_0_0
7570 20339 26150.258168181354 26157.657654084207 Monterrey_1_0
7524 20293 26158.216349806782 26165.615835709636 Monterrey_0_0
15058 41698 26191.046903699636 26198.44638960249 Humble_1_0
16040 44162 26208.582185983658 26215.98167188651 Melville_0_0
16090 44212 26216.601158784004 26224.000644686857 Melville_1_0
13425 38610 26236.073773682117 26243.47325958497 Dallas_0_0
14337 40475 26244.064165009775 26251.46365091263 Grand Prairie_0_1
14455 40896 26264.873253762722 26272.272739665576 Grapevine_1_0
14560 41001 26278.529315249016 26285.92880115187 Greenville_0_0
14402 40843 26292.42293910695 26299.822425009803 Grapevine_0_1
14611 41052 26306.33217808663 26313.731663989485 Greenville_0_1
16973 48537 26316.08994365241 26323.489429555262 Tampa_0_0
17068 48632 26323.56743071194 26330.966916614794 Tampa_1_0
13841 39433 26332.101069220127 26339.50055512298 Edison_0_0
17117 48681 26340.64127746781 26348.040763370664 Tampa_1_1
13221 37859 26350.361633347395 26357.761119250248 Chelsea_0_0
16146 44669 26370.68154139832 26378.081027301174 Metaire_0_0
15067 41799 26391.146896073722 26398.546381976576 Huntsville_0_0
16521 45912 26399.398077538503 26406.797563441356 New Johnsonville_1_0
14758 41245 26408.952460723503 26416.351946626357 Hazelwood_0_0
14806 41293 26416.535675115196 26423.93516101805 Hazelwood_1_0
16260 45412 26426.609210029128 26434.00869593198 Moberly_0_1
16360 45512 26434.247274872218 26441.64676077507 Moberly_1_1
15769 43085 26443.055792015257 26450.45527791811 Laredo_1_0
16633 46316 26498.176651305825 26505.576137208678 Phoenix_0_0
17269 49193 26558.415606801485 26565.81509270434 Vandalia_1_0
16686 46369 26618.595647453847 26625.9951333567 Phoenix_0_1
13537 39007 26641.83506648734 26649.234552390193 Denver_1_0
13437 38907 26649.685441317633 26657.084927220487 Denver_0_0
17317 49241 26694.494053989045 26701.8935398919 Vandalia_1_1
17572 49693 26703.999263282392 26711.398749185246 Whitestown_1_0
15412 42524 26712.601030618513 26720.000516521366 Joliet_0_0
12964 37133 26721.240562188897 26728.64004809175 Carmel_0_1
14661 41102 26729.903704558667 26737.30319046152 Hanover Park_0_0
14240 40026 26737.414259154677 26744.81374505753 Elk Grove Village_0_0
14709 41149 26744.913693631694 26752.313179534547 Hanover Park_0_1
14288 40073 26752.423705448964 26759.823191351818 Elk Grove Village_0_1
16859 47657 26809.988559115627 26817.38804501848 Salt Lake City_1_0
16759 47557 26817.58377573995 26824.983261642803 Salt Lake City_0_0
16908 47706 26825.276533668184 26832.676019571038 Salt Lake City_1_1
16809 47607 26832.873312432268 26840.27279833512 Salt Lake City_0_1
15280 42206 26885.078756809864 26892.478242712717 Ironton_0_0
15345 42271 26892.700192320077 26900.09967822293 Ironton_1_0
1300 3550 26940.29572870239 26947.695214605243 Calgary_1_0
1228 3478 26947.93631724378 26955.335803146634 Calgary_0_0
7223 19011 28000.43262258172 28007.832108484574 Almaty_1_1
7105 18893 28008.063459939076 28015.46294584193 Almaty_0_1
7164 18952 28015.734565216106 28023.13405111896 Almaty_1_0
7046 18834 28023.36696430565 28030.766450208503 Almaty_0_0
5637 13395 28201.988415509462 28209.387901412316 Chandigarh_1_0
5588 13346 28209.76824750855 28217.167733411403 Chandigarh_0_0
8349 22330 28221.7666514823 28229.166137385153 Lahore_1_1
8248 22229 28229.416367633832 28236.815853536686 Lahore_0_1
8298 22279 28237.107727075 28244.507212977853 Lahore_1_0
8198 22179 28244.759014083822 28252.158499986675 Lahore_0_0
5270 12770 28295.910886926642 28303.310372829495 Ahmedabad_0_1
5222 12722 28303.408202742376 28310.80768864523 Ahmedabad_0_0
5542 13215 28321.955708789417 28329.35519469227 Calcultta_0_1
5497 13172 28329.505799897513 28336.905285800367 Calcultta_0_0
5840 14382 28368.004511932493 28375.403997835347 Kanpur_1_0
5795 14339 28375.721170250898 28383.12065615375 Kanpur_0_0
5452 13038 28384.816185202068 28392.21567110492 Baroda_1_1
5364 12950 28392.475788156793 28399.875274059646 Baroda_0_1
5408 12994 28400.180225028544 28407.579710931397 Baroda_1_0
5320 12906 28407.841440129036 28415.24092603189 Baroda_0_0
5746 14102 28416.924698449035 28424.324184351888 Indore_1_0
5701 14057 28424.62771637212 28432.027202274974 Indore_0_0
8152 22133 28439.114079766274 28446.513565669127 Karachi_0_0
5902 15186 28460.319461137056 28467.71894703991 Panjim_0_0
6081 15539 28490.344569832087 28497.74405573494 Salem_1_1
5993 15451 28498.47919883984 28505.878684742693 Salem_0_1
6037 15495 28506.772151964873 28514.171637867727 Salem_1_0
5949 15407 28514.907023569835 28522.306509472688 Salem_0_0
17620 49741 32185.26634913683 32192.665835039683 Wilmington_0_0
13114 37481 32192.685768459043 32200.085254361897 Carson_0_0
15465 42781 32200.363709306792 32207.763195209645 Lakewood_0_0
13164 37531 32207.972282059698 32215.37176796255 Carson_0_1
14045 39831 32224.975237978717 32232.37472388157 Elgin_0_0
14143 39929 32232.49295430623 32239.892440209085 Elgin_1_0
14094 39880 32239.997906943525 32247.39739284638 Elgin_0_1
14192 39978 32247.515067660843 32254.914553563696 Elgin_1_1
16634 46317 32256.106167545837 32263.50565344869 Phoenix_0_0
16687 46370 32263.522541923576 32270.92202782643 Phoenix_0_1
16760 47558 32347.11492985487 32354.514415757723 Salt Lake City_0_0
16860 47658 32354.626036691214 32362.025522594067 Salt Lake City_1_0
16810 47608 32362.12817931471 32369.527665217563 Salt Lake City_0_1
16909 47707 32369.63877977874 32377.038265681593 Salt Lake City_1_1
1229 3479 32500.63859564066 32508.038081543513 Calgary_0_0
1301 3551 32508.14725995412 32515.546745856973 Calgary_1_0
7106 18894 33899.58457419276 33906.984060095616 Almaty_0_1
7224 19012 33907.08420758613 33914.48369348898 Almaty_1_1
7047 18835 33914.51864332302 33921.91812922587 Almaty_0_0
7165 18953 33922.01731209208 33929.416797994934 Almaty_1_0
8249 22230 34165.51310297847 34172.91258888132 Lahore_0_1
8350 22331 34172.98602325783 34180.38550916068 Lahore_1_1
8199 22180 34180.4228412362 34187.82232713905 Lahore_0_0
8299 22280 34187.89509157655 34195.294577479406 Lahore_1_0
8153 22134 34221.3126142025 34228.71210010535 Karachi_0_0
7284 19114 35063.85155132413 35071.25103722698 Lilongwe_0_0
7326 19156 35071.27741335996 35078.67689926281 Lilongwe_0_1
7856 21046 35166.1692545712 35173.56874047405 Maputo_0_1
7810 21000 35173.61589466706 35181.015380569916 Maputo_0_0
8654 23402 39778.03633365035 39785.435819553204 Warsaw_0_1
8577 23325 39785.43731253939 39792.836798442244 Warsaw_0_0
9028 24616 39853.78137072921 39861.18085663206 Otopeni_0_1
8966 24554 39861.2059462857 39868.60543218855 Otopeni_0_0
11977 33174 39886.75623458624 39894.15572048909 Istanbul_1_1
11768 32965 39903.89451004743 39911.293995950284 Ankara_0_0
11872 33069 39921.342191856405 39928.74167775926 Istanbul_0_1
11925 33122 39929.114406553235 39936.51389245609 Istanbul_1_0
11820 33017 39936.825520641694 39944.22500654455 Istanbul_0_0
9162 25151 39954.85097918383 39962.25046508668 Senec_1_0
9095 25084 39962.307317201805 39969.70680310466 Senec_0_0
6403 17046 40006.04433589881 40013.443821801666 Migdal Haemek_0_1
6353 16996 40013.61187423046 40021.011360133314 Migdal Haemek_0_0
6299 16747 40022.28867884988 40029.68816475273 Lod_0_0
2515 7312 40047.039053097156 40054.43853900001 Alexandria_0_1
2466 7263 40054.552788930465 40061.95227483332 Alexandria_0_0
7327 19157 40804.50568974018 40811.905175643034 Lilongwe_0_1
7285 19115 40811.93133240656 40819.33081830941 Lilongwe_0_0
9400 27052 40938.41677761078 40945.81626351363 Polokwane_0_1
9493 27145 40946.052135606646 40953.4516215095 Polokwane_1_1
9354 27007 40953.64909445344 40961.04858035629 Polokwane_0_0
9446 27098 40961.283037192356 40968.68252309521 Polokwane_1_0
9592 27451 40970.881012320504 40978.28049822336 Roodepoort_0_1
9685 27543 40978.56347034296 40985.962956245814 Roodepoort_1_1
9776 27633 40986.25643463252 40993.65592053538 Spartan_0_1
9276 25400 40993.780237975654 41001.17972387851 Bedfordview_0_1
9545 27404 41001.58313216982 41008.982618072674 Roodepoort_0_0
9639 27498 41009.263808269825 41016.66329417268 Roodepoort_1_0
9731 27589 41016.95496612983 41024.35445203268 Spartan_0_0
9231 25356 41024.478036770735 41031.87752267359 Bedfordview_0_0
9824 27778 41033.80049337102 41041.19997927387 Welkom_0_0
7857 21047 41048.25944018085 41055.658926083706 Maputo_0_1
7811 21001 41055.675281460935 41063.07476736379 Maputo_0_0
11074 31258 45511.986375808716 45519.38586171157 Gothenburg_1_1
10895 31079 45519.68173456906 45527.08122047191 Gothenburg_0_1
10984 31168 45527.49247688069 45534.89196278354 Gothenburg_1_0
10806 30990 45535.190636898944 45542.5901228018 Gothenburg_0_0
2388 7185 45546.29299938679 45553.69248528964 Hvidovre_1_0
8578 23326 45582.27932929993 45589.67881520278 Warsaw_0_0
3308 9264 45607.98451089804 45615.38399680089 Berlin_1_0
3538 9494 45625.828230427556 45633.22771633041 Bremen_1_0
3384 9340 45633.52322337812 45640.922709280974 Bremen_0_0
4356 10603 45643.05842844542 45650.45791434828 Hannover_0_0
3917 9870 45653.97727919563 45661.37676509848 Dortmund_1_1
3767 9723 45661.65447020198 45669.053956104835 Dortmund_0_1
3842 9798 45669.403578485486 45676.80306438834 Dortmund_1_0
4656 11330 45677.678298003026 45685.07778390588 Koeln_0_0
5150 12500 45685.68333125124 45693.08281715409 Troisdorf-Spich_1_0
4068 10163 45695.91762537637 45703.317111279226 Frankfurt_0_1
5011 12364 45705.56260735978 45712.962093262635 Stuttgart_1_1
4876 12229 45713.33779258169 45720.73727848454 Stuttgart_0_1
4943 12296 45721.22415138051 45728.62363728337 Stuttgart_1_0
583 1082 45746.94103046465 45754.340516367505 Graz_0_0
12200 33746 45785.98278290471 45793.38226880757 Aylesford_0_1
12273 33819 45793.523788455685 45800.92327435854 Aylesford_1_0
12495 34339 45802.59501119807 45809.994497100924 Birmingham_1_0
3093 8778 45813.66154549869 45821.06103140154 Roissy Cdg Cedex_0_0
6658 17773 45834.47992511276 45841.879411015616 Milan_1_1
6528 17643 45842.31493791681 45849.71442381966 Milan_0_1
3028 8713 45853.25792092483 45860.65740682768 Nice_0_1
2965 8650 45860.75498384264 45868.154469745496 Nice_0_0
2768 8183 45880.04876602882 45887.44825193167 Bordeaux_1_1
2641 8056 45887.58903476657 45894.98852066942 Bordeaux_0_1
2704 8119 45895.14410460811 45902.54359051096 Bordeaux_1_0
11978 33175 45957.39277758635 45964.7922634892 Istanbul_1_1
10154 29131 46016.407833555 46023.807319457854 El Prat De Llobregat_0_0
11821 33018 46075.398247608835 46082.79773351169 Istanbul_0_0
10735 30613 46139.23259968965 46146.6320855925 Vitoria-Gasteiz_0_1
10675 30553 46146.6401820555 46154.03966795835 Vitoria-Gasteiz_0_0
10441 30107 46154.76838009405 46162.167865996904 Santander_0_0
10028 28478 46162.60712214103 46170.006608043885 Azuqueca De Henares_0_1
9975 28258 46170.02591349158 46177.42539939444 Alovera_0_0
10099 29076 46177.63202302144 46185.031508924294 Coslada_0_1
10044 29023 46185.0390267804 46192.43851268326 Coslada_0_0
10032 28698 46193.357600476695 46200.75708637955 Barajas_0_1
10031 28643 46200.760809741674 46208.16029564453 Barajas_0_0
10385 29940 46209.26163023407 46216.66111613692 Linares_1_0
10332 29887 46216.77568462556 46224.17517052841 Linares_0_0
8038 21799 48810.1866196394 48817.58610554225 Hamilton_0_0
8094 21855 48817.71162404987 48825.111109952726 Hamilton_0_1
7983 21687 48826.897939920425 48834.29742582328 Auckland_0_0
10896 31080 51403.77926650643 51411.17875240929 Gothenburg_0_1
11075 31259 51411.272325440936 51418.67181134379 Gothenburg_1_1
10807 30991 51418.69178318804 51426.091269090895 Gothenburg_0_0
10985 31169 51426.18375974852 51433.583245651374 Gothenburg_1_0
12044 33590 51448.99339460579 51456.39288050865 Aberdeen_0_0
2305 7102 51473.21662166394 51480.61610756679 Hvidovre_0_0
2389 7186 51480.692323905954 51488.09180980881 Hvidovre_1_0
3462 9418 51497.983516573906 51505.38300247676 Bremen_0_1
12422 34266 51515.66313577132 51523.06262167417 Birmingham_0_0
6216 16227 51538.94875043109 51546.34823633394 Shannon_0_1
6140 16151 51546.54496000827 51553.944445911126 Shannon_0_0
4430 10677 51580.76389971201 51588.16338561486 Hannover_0_1
12346 33892 51594.66487129758 51602.064357200434 Aylesford_1_1
12274 33820 51602.20438484443 51609.60387074728 Aylesford_1_0
3768 9724 51615.17871587274 51622.57820177559 Dortmund_0_1
3918 9871 51622.674732734995 51630.07421863785 Dortmund_1_1
3693 9649 51630.08394142556 51637.483427328414 Dortmund_0_0
3309 9265 51639.73522346015 51647.134709363 Berlin_1_0
5081 12434 51649.2275659716 51656.62705187446 Troisdorf-Spich_0_0
5151 12501 51656.72175590793 51664.12124181078 Troisdorf-Spich_1_0
4069 10164 51665.08759910987 51672.487085012726 Frankfurt_0_1
4214 10309 51672.56430693556 51679.96379283841 Frankfurt_1_1
3996 10091 51679.97064916932 51687.370135072175 Frankfurt_0_0
3162 8847 51690.83012626248 51698.229612165334 Roissy Cdg Cedex_0_1
4142 10237 51701.7659706411 51709.16545654395 Frankfurt_1_0
4728 11399 51709.247048188496 51716.64653409135 Mannheim_0_0
4877 12230 51717.16593407122 51724.565419974075 Stuttgart_0_1
4944 12297 51724.691712196465 51732.09119809932 Stuttgart_1_0
4286 10381 51732.436517907576 51739.83600381043 Freiburg_0_0
2642 8057 51744.14771591012 51751.54720181297 Bordeaux_0_1
2769 8184 51751.71415290622 51759.113638809074 Bordeaux_1_1
2705 8120 51759.21088476185 51766.610370664705 Bordeaux_1_0
2834 8320 51770.03767931604 51777.43716521889 Lyon_0_0
10442 30108 51784.00723180747 51791.40671771032 Santander_0_0
10676 30554 51793.29238670618 51800.69187260904 Vitoria-Gasteiz_0_0
10561 30439 51810.970501175056 51818.36998707791 Vigo_0_0
6529 17644 51835.21407255306 51842.613558455916 Milan_0_1
6659 17774 51842.66677361291 51850.06625951576 Milan_1_1
6594 17709 51850.110736034454 51857.51022193731 Milan_1_0
10100 29077 51863.866301472575 51871.26578737543 Coslada_0_1
9976 28259 51871.63598417338 51879.03547007623 Alovera_0_0
10277 29832 51879.723671303866 51887.12315720672 Las Rozas_0_0
3029 8714 51893.53603935564 51900.935525258494 Nice_0_1
10045 29024 51906.93289058648 51914.332376489336 Coslada_0_0
2966 8651 51920.37524448647 51927.77473038933 Nice_0_0
10155 29132 51929.42044087933 51936.819926782184 El Prat De Llobregat_0_0
10211 29188 51936.91687195388 51944.31635785673 El Prat De Llobregat_1_0
8911 24389 51956.77378193526 51964.173267838116 Vila Franca Xira_1_1
8799 24277 51964.561589631405 51971.96107553426 Vila Franca Xira_0_1
8855 24333 51972.49738055126 51979.89686645412 Vila Franca Xira_1_0
8743 24221 51980.283178970596 51987.68266487345 Vila Franca Xira_0_0
10506 30384 51999.36284287379 52006.76232877664 Valencia_0_0
10333 29888 52009.05554388834 52016.45502979119 Linares_0_0
10386 29941 52016.632356662594 52024.03184256545 Linares_1_0
1109 2918 52986.8461022079 52994.24558811075 Rio De Janeiro_1_0
1061 2870 52994.526130348444 53001.9256162513 Rio De Janeiro_0_0
323 623 54774.481039345264 54781.88052524812 Derrimut_1_0
221 521 54782.12666768228 54789.52615358513 Derrimut_0_0
374 674 54789.81473520524 54797.21422110809 Derrimut_1_1
272 572 54797.46195615313 54804.86144205598 Derrimut_0_1
480 979 54822.71412842934 54830.11361433219 Sydney_0_0
532 1031 54830.26444207973 54837.66392798258 Sydney_0_1
114 320 54891.074725329876 54898.47421123273 Adelaide_1_0
166 372 54898.484445875656 54905.88393177851 Adelaide_1_1
10 216 54906.00626925848 54913.40575516134 Adelaide_0_0
62 268 54913.41548056077 54920.81496646362 Adelaide_0_1
6946 18685 55935.51654338837 55942.91602929122 Tokyo_1_0
6842 18581 55943.400996260934 55950.80048216379 Tokyo_0_0
6734 18371 55952.52037840329 55959.919864306146 Narita_0_0
6998 18737 55961.04297833336 55968.442464236214 Tokyo_1_1
6894 18633 55968.924406610124 55976.32389251298 Tokyo_0_1
6787 18424 55978.03285053189 55985.432336434744 Narita_0_1
9927 28214 56027.9603279829 56035.359813885756 Seoul_1_0
9878 28167 56035.5960720539 56042.995557956754 Seoul_0_0
1815 5218 56058.13920047879 56065.538686381646 Ningbo_1_0
1864 5267 56065.573107601645 56072.9725935045 Ningbo_1_1
1766 5169 56073.04681645968 56080.446302362536 Ningbo_0_1
1716 5119 56080.48006911729 56087.87955502015 Ningbo_0_0
2131 5534 56088.13745985731 56095.53694576016 Shanghai_0_0
2181 5584 56095.573803079766 56102.97328898262 Shanghai_0_1
2023 5426 56113.737995386124 56121.13748128898 Qingdao_1_0
2077 5480 56121.18414296448 56128.58362886733 Qingdao_1_1
1915 5318 56128.716933142685 56136.11641904554 Qingdao_0_0
1969 5372 56136.16228749965 56143.5617734025 Qingdao_0_1
12045 33591 57386.99580806494 57394.39529396779 Aberdeen_0_0
6217 16228 57474.65174263716 57482.05122854001 Shannon_0_1
6141 16152 57482.10604668887 57489.50553259172 Shannon_0_0
916 2584 58702.265901237726 58709.66538714058 Campinas_0_1
868 2536 58709.73364348334 58717.133129386195 Campinas_0_0
1062 2871 58728.922387719154 58736.32187362201 Rio De Janeiro_0_0
1110 2919 58736.51093818889 58743.910424091744 Rio De Janeiro_1_0
964 2632 58754.73186746382 58762.131353366676 Curitiba_0_0
1014 2774 58764.21567519083 58771.61516109369 Paranagua_0_0
12753 36219 58895.25360813737 58902.65309404022 Montevideo_1_1
12645 36111 58903.24585802775 58910.645343930606 Montevideo_0_1
12699 36165 58911.40508162438 58918.80456752724 Montevideo_1_0
12591 36057 58919.39610584092 58926.79559174377 Montevideo_0_0
222 522 60698.396549642086 60705.79603554494 Derrimut_0_0
324 624 60705.88368812586 60713.283174028715 Derrimut_1_0
273 573 60713.32016530017 60720.71965120302 Derrimut_0_1
375 675 60720.80648949105 60728.2059753939 Derrimut_1_1
11 217 60731.98865802382 60739.38814392668 Adelaide_0_0
115 321 60739.56531857656 60746.964804479416 Adelaide_1_0
63 269 60747.06332332303 60754.462809225886 Adelaide_0_1
167 373 60754.63858984126 60762.038075744116 Adelaide_1_1
428 928 60841.73380872607 60849.133294628926 Perth_0_0
8403 22467 61528.93648150563 61536.335967408486 Manila_0_0
8485 22549 61536.81231276892 61544.21179867177 Manila_1_0
8444 22508 61544.59313004883 61551.99261595168 Manila_0_1
8526 22590 61552.46612185602 61559.865607758875 Manila_1_1
11174 32162 61660.37541911006 61667.77490501291 Kaohsiung_0_0
11407 32485 61667.89624686816 61675.29573277101 Tainan_0_0
11453 32531 61675.69334062904 61683.092826531894 Tainan_1_0
1626 5029 61707.09118478799 61714.490670690844 Guangzhou_1_0
1538 4941 61715.12625472742 61722.52574063027 Guangzhou_0_0
1670 5073 61723.318906366025 61730.71839226888 Guangzhou_1_1
1582 4985 61731.35484940103 61738.754335303885 Guangzhou_0_1
2240 6110 61757.834661145724 61765.23414704858 Xiamen_0_0
11589 32667 61773.42094260521 61780.820428508065 Taoyuan_0_0
11679 32757 61780.820428508065 61788.21991441092 Teiyuan_0_0
11219 32207 61788.31965365753 61795.71913956038 Linkou_0_0
11499 32577 61796.11798911812 61803.51747502097 Taipei_0_0
11724 32802 61803.960831651864 61811.36031755472 Teiyuan_0_1
11634 32712 61811.36031755472 61818.75980345757 Taoyuan_0_1
11264 32252 61818.85884625018 61826.25833215303 Linkou_0_1
11544 32622 61826.65469307206 61834.05417897491 Taipei_0_1
11309 32297 61836.964507011915 61844.36399291477 Nankan_0_0
11357 32345 61844.72987461538 61852.129360518236 Nankan_1_0
1717 5120 61855.92339924128 61863.32288514413 Ningbo_0_0
1816 5219 61863.56919970173 61870.96868560458 Ningbo_1_0
1767 5170 61871.17415974978 61878.573645652636 Ningbo_0_1
1865 5268 61878.818459493006 61886.21794539586 Ningbo_1_1
2132 5535 61886.27837001453 61893.67785591738 Shanghai_0_0
2182 5585 61893.716426533734 61901.11591243659 Shanghai_0_1
1485 4750 61944.155702842734 61951.55518874559 Chongqing_1_0
1436 4701 61951.873720561875 61959.27320646473 Chongqing_0_0
1916 5319 62002.095837382374 62009.49532328523 Qingdao_0_0
2024 5427 62009.7302573491 62017.12974325196 Qingdao_1_0
1970 5373 62017.32615089952 62024.72563680237 Qingdao_0_1
2078 5481 62024.959112247314 62032.35859815017 Qingdao_1_1
1389 4605 62038.32667073384 62045.726156636694 Beijing_0_0
9879 28168 62057.54426526996 62064.94375117281 Seoul_0_0
9928 28215 62065.030633981194 62072.43011988405 Seoul_1_0
15988 44110 63600.03766989708 63607.43715579993 Medford_0_0
15012 41499 63618.033038556576 63625.43252445943 Hebron_1_1
14909 41396 63625.6478143704 63633.047300273254 Hebron_0_1
14960 41447 63633.297204813185 63640.69669071604 Hebron_1_0
14857 41344 63640.9133647056 63648.312850608454 Hebron_0_0
17370 49389 63649.23269588833 63656.63218179118 Watertown_0_0
15670 42986 63669.193494439125 63676.59298034198 Lansdale_1_1
15568 42884 63676.744266092675 63684.14375199553 Lansdale_0_1
15619 42935 63684.31262571481 63691.712111617664 Lansdale_1_0
15517 42833 63691.86421251207 63699.26369841492 Lansdale_0_0
1168 3418 63702.31598653218 63709.71547243503 Brampton_0_0
12864 36786 63711.73102978303 63719.13051568589 Baltimore_0_1
12815 36737 63719.14267224732 63726.54215815017 Baltimore_0_0
13790 39260 63726.995888528254 63734.39537443111 Dulles_1_1
17360 49338 63734.55838407857 63741.95786998142 Washington_0_0
13689 39159 63742.237934565965 63749.63742046882 Dulles_0_1
13740 39210 63749.76467187326 63757.16415777611 Dulles_1_0
13639 39109 63757.28176176119 63764.68124766404 Dulles_0_0
16748 47255 63764.85819557135 63772.257681474206 Richmond_1_1
16747 47207 63772.269155606 63779.668641508855 Richmond_1_0
16196 44907 63800.70825448632 63808.107740389176 Middleburg Heights_0_0
15924 43474 63821.10582214594 63828.50530804879 Little Hocking_1_0
15875 43425 63830.44165799022 63837.84114389307 Little Hocking_0_0
17471 49488 63882.231314599514 63889.63080050237 West Columbia_0_1
17419 49436 63889.63521221242 63897.034698115276 West Columbia_0_0
14342 40741 63923.16041266918 63930.559898572035 Graniteville_0_1
17118 48682 64028.91735857725 64036.316844480105 Tampa_1_1
17069 48633 64036.3227831035 64043.72226900635 Tampa_1_0
429 929 66721.03188228607 66728.43136818893 Perth_0_0
6038 15496 67632.81992039084 67640.2194062937 Salem_1_0
6082 15540 67640.24290068343 67647.64238658629 Salem_1_1
5498 13173 67654.66605995588 67662.06554585874 Calcultta_0_0
5543 13216 67662.14514531818 67669.54463122104 Calcultta_0_1
5994 15452 67676.73015622282 67684.12964212568 Salem_0_1
5950 15408 67684.15255591569 67691.55204181855 Salem_0_0
5223 12723 67714.31230947119 67721.71179537405 Ahmedabad_0_0
5271 12771 67721.86896689534 67729.2684527982 Ahmedabad_0_1
5638 13396 67820.97929039598 67828.37877629884 Chandigarh_1_0
5589 13347 67828.53268744069 67835.93217334355 Chandigarh_0_0
8300 22281 67871.71245625615 67879.11194215901 Lahore_1_0
8351 22332 67879.16146366208 67886.56094956494 Lahore_1_1
8200 22181 67886.72147434195 67894.1209602448 Lahore_0_0
8250 22231 67894.16955667092 67901.56904257378 Lahore_0_1
7166 18954 67966.53121620417 67973.93070210703 Almaty_1_0
7048 18836 67974.2072246642 67981.60671056707 Almaty_0_0
7225 19013 67982.01643679796 67989.41592270082 Almaty_1_1
7107 18895 67989.69431736851 67997.09380327137 Almaty_0_1
15281 42207 69453.05034416914 69460.449830072 Ironton_0_0
1169 3419 69498.32785512769 69505.72734103055 Brampton_0_0
15013 41500 69515.24540042548 69522.64488632834 Hebron_1_1
14858 41345 69522.68526493618 69530.08475083904 Hebron_0_0
15569 42885 69531.7094697621 69539.10895566497 Lansdale_0_1
15671 42987 69539.25033612462 69546.64982202748 Lansdale_1_1
15620 42936 69546.72448927141 69554.12397517427 Lansdale_1_0
12865 36787 69555.10404095057 69562.50352685343 Baltimore_0_1
17318 49242 69590.2565922812 69597.65607818407 Vandalia_1_1
13741 39211 69624.99523854871 69632.39472445157 Dulles_1_0
17222 49146 69660.29415492846 69667.69364083132 Vandalia_0_1
17174 49098 69667.85439475103 69675.2538806539 Vandalia_0_0
16361 45513 69685.40351902811 69692.80300493097 Moberly_1_1
15224 41956 69716.1165945562 69723.51608045906 Huntsville_1_1
15120 41852 69724.0341158075 69731.43360171036 Huntsville_0_1
15068 41800 69731.59819209077 69738.99767799363 Huntsville_0_0
15824 43374 69746.64431177579 69754.04379767865 Lawrenceville_0_0
17472 49489 69759.20003019374 69766.5995160966 West Columbia_0_1
13944 39730 69775.3066886086 69782.70617451146 Edwardsville_0_0
14403 40844 69806.26628849581 69813.66577439867 Grapevine_0_1
14612 41053 69835.58211629408 69842.98160219695 Greenville_0_1
13891 39483 69848.1914276709 69855.59091357376 Edison_0_1
13842 39434 69855.71680214812 69863.11628805098 Edison_0_0
13588 39058 69909.87404785337 69917.27353375623 Denver_1_1
13538 39008 69917.27609682352 69924.67558272638 Denver_1_0
17021 48585 69977.63612794699 69985.03561384985 Tampa_0_1
17119 48683 69985.26308375008 69992.66256965294 Tampa_1_1
16974 48538 69992.81073817048 70000.21022407334 Tampa_0_0
17070 48634 70000.4360278158 70007.83551371866 Tampa_1_0
7571 20340 70055.72743035466 70063.12691625752 Monterrey_1_0
7525 20294 70063.36592568719 70070.76541159005 Monterrey_0_0
7754 20523 70075.74961931365 70083.14910521651 Pachuca_1_1
7663 20432 70083.53359769675 70090.93308359961 Pachuca_0_1
7709 20478 70091.39113043359 70098.79061633645 Pachuca_1_0
7617 20386 70099.17759463892 70106.57708054179 Pachuca_0_0
7476 20065 70116.3012307056 70123.70071660847 Matamoros_0_0
7425 19741 70127.17267157062 70134.57215747348 Aguascalientes_1_0
7380 19696 70134.76765746559 70142.16714336845 Aguascalientes_0_0
5951 15409 73378.78049728274 73386.1799831856 Salem_0_0
6039 15497 73386.34825904129 73393.74774494415 Salem_1_0
5995 15453 73393.88596820613 73401.28545410899 Salem_0_1
6083 15541 73401.45276285776 73408.85224876062 Salem_1_1
5903 15187 73414.25153857295 73421.65102447581 Panjim_0_0
5702 14058 73518.23792538047 73525.63741128333 Indore_0_0
5747 14103 73525.9118706274 73533.31135653026 Indore_1_0
5321 12907 73534.56955418372 73541.96904008658 Baroda_0_0
5409 12995 73542.26906572859 73549.66855163145 Baroda_1_0
5365 12951 73549.91475850923 73557.31424441209 Baroda_0_1
5453 13039 73557.61239935514 73565.011885258 Baroda_1_1
5796 14340 73566.49351077943 73573.89299668229 Kanpur_0_0
5841 14383 73574.1424669701 73581.54195287295 Kanpur_1_0
8154 22135 73597.47841778371 73604.87790368657 Karachi_0_0
8201 22182 73692.88788294792 73700.28736885078 Lahore_0_0
8301 22282 73700.452221224 73707.85170712686 Lahore_1_0
8251 22232 73707.99431404205 73715.39379994491 Lahore_0_1
8352 22333 73715.5577698401 73722.95725574296 Lahore_1_1
5590 13348 73724.7620379047 73732.16152380756 Chandigarh_0_0
5639 13397 73732.27771528283 73739.6772011857 Chandigarh_1_0
7049 18837 73930.86267593503 73938.26216183789 Almaty_0_0
7108 18896 73938.26487736072 73945.66436326358 Almaty_0_1
7167 18955 73945.74463680181 73953.14412270467 Almaty_1_0
7226 19014 73953.14652508515 73960.54601098801 Almaty_1_1
1302 3552 75285.5073993206 75292.90688522346 Calgary_1_0
1230 3480 75293.2555636031 75300.65504950596 Calgary_0_0
15282 42208 75357.14561861753 75364.5451045204 Ironton_0_0
15347 42273 75364.63829126803 75372.03777717089 Ironton_1_0
16910 47708 75442.69093888998 75450.09042479284 Salt Lake City_1_1
16811 47609 75450.63702217367 75458.03650807653 Salt Lake City_0_1
16861 47659 75458.76036320253 75466.15984910539 Salt Lake City_1_0
16761 47559 75466.70741641345 75474.10690231631 Salt Lake City_0_0
13489 38959 75492.63860166167 75500.03808756454 Denver_0_1
13589 39059 75500.31259614577 75507.71208204863 Denver_1_1
13439 38909 75507.86591149656 75515.26539739942 Denver_0_0
13539 39009 75515.53796968595 75522.9374555888 Denver_1_0
12907 36888 75530.34385121308 75537.74333711594 Beverly_0_0
15722 43038 75539.99289697409 75547.39238287695 Laredo_0_0
15771 43087 75547.4507567807 75554.85024268356 Laredo_1_0
16688 46371 75576.26278272957 75583.66226863243 Phoenix_0_1
16635 46318 75583.82812936918 75591.22761527204 Phoenix_0_0
16148 44671 75612.18576146678 75619.58524736964 Metaire_0_0
13165 37532 75662.27921037913 75669.67869628199 Carson_0_1
15466 42782 75670.14090563166 75677.54039153452 Lakewood_0_0
13115 37482 75677.89779582947 75685.29728173233 Carson_0_0
17621 49742 75685.32087025332 75692.72035615618 Wilmington_0_0
14193 39979 75720.91390970255 75728.31339560541 Elgin_1_1
14095 39881 75728.75369657246 75736.15318247532 Elgin_0_1
14144 39930 75736.73223464347 75744.13172054633 Elgin_1_0
14046 39832 75744.56981280577 75751.96929870863 Elgin_0_0
7477 20066 75763.34719415003 75770.7466800529 Matamoros_0_0
7381 19697 75872.62535962462 75880.02484552749 Aguascalientes_0_0
7426 19742 75880.6110663712 75888.01055227406 Aguascalientes_1_0
6300 16748 79621.4991992116 79628.89868511446 Lod_0_0
6354 16997 79631.56332170103 79638.9628076039 Migdal Haemek_0_0
6404 17047 79639.12198962583 79646.52147552869 Migdal Haemek_0_1
2467 7264 79660.23663928594 79667.6361251888 Alexandria_0_0
2516 7313 79667.72094821792 79675.12043412078 Alexandria_0_1
11769 32966 79747.40997597575 79754.80946187861 Ankara_0_0
8968 24556 79857.55935406685 79864.95883996971 Otopeni_0_0
9030 24618 79865.08421837735 79872.48370428021 Otopeni_0_1
9164 25153 79988.3150383532 79995.71452425607 Senec_1_0
9097 25086 79995.8182965896 80003.21778249246 Senec_0_0
8579 23327 80008.89869825153 80016.2981841544 Warsaw_0_0
8656 23404 80016.4383940544 80023.83787995727 Warsaw_0_1
650 1149 80031.10661064848 80038.50609655134 Graz_1_0
584 1083 80038.58346693941 80045.98295284227 Graz_0_0
782 1281 80045.99478596172 80053.39427186458 Linz_1_0
715 1214 80053.46783935805 80060.86732526092 Linz_0_0
3310 9266 80070.43139591813 80077.83088182099 Berlin_1_0
3236 9192 80077.91900721515 80085.31849311801 Berlin_0_0
4795 11815 80088.05538758636 80095.45487348922 Munich_1_0
4799 12093 80100.10304889083 80107.50253479369 Nuremberg_0_1
2390 7187 80111.01463858857 80118.41412449144 Hvidovre_1_0
2306 7103 80118.51282286974 80125.9123087726 Hvidovre_0_0
4504 10751 80128.74878775465 80136.14827365751 Hannover_1_0
10986 31170 80140.18008248758 80147.57956839044 Gothenburg_1_0
11076 31260 80147.70388862453 80155.10337452739 Gothenburg_1_1
10808 30992 80155.33551742505 80162.7350033279 Gothenburg_0_0
3540 9496 80166.716255919 80174.11574182186 Bremen_1_0
3617 9573 80174.18187150333 80181.58135740619 Bremen_1_1
3386 9342 80181.70527474525 80189.10476064812 Bremen_0_0
3463 9419 80189.17017635812 80196.56966226098 Bremen_0_1
5013 12366 80197.82138899805 80205.22087490092 Stuttgart_1_1
4215 10310 80205.46640920319 80212.86589510605 Frankfurt_1_1
4945 12298 80213.15624479904 80220.5557307019 Stuttgart_1_0
4143 10238 80220.79686279423 80228.19634869709 Frankfurt_1_0
4878 12231 80228.43674154858 80235.83622745144 Stuttgart_0_1
3997 10092 80236.03089651688 80243.43038241974 Frankfurt_0_0
4810 12163 80243.66931004607 80251.06879594893 Stuttgart_0_0
4729 11400 80251.07658791626 80258.47607381913 Mannheim_0_0
3919 9872 80258.89114572435 80266.29063162721 Dortmund_1_1
3844 9800 80266.34251198571 80273.74199788857 Dortmund_1_0
3769 9725 80273.74837556064 80281.1478614635 Dortmund_0_1
3694 9650 80281.19915524153 80288.59864114439 Dortmund_0_0
5152 12502 80288.8437908032 80296.24327670607 Troisdorf-Spich_1_0
4658 11332 80296.29392890637 80303.69341480923 Koeln_0_0
7908 21170 80303.8976711143 80311.29715701716 Eindhoven_0_0
7971 21391 80334.81341405783 80342.2128999607 Rotterdam_1_0
12046 33592 80365.57228338128 80372.97176928414 Aberdeen_0_0
1231 3481 81204.07099434733 81211.4704802502 Calgary_0_0
1303 3553 81211.54505778498 81218.94454368784 Calgary_1_0
9825 27779 84553.69276154041 84561.09224744327 Welkom_0_0
9232 25357 84579.3255572617 84586.72504316457 Bedfordview_0_0
9640 27499 84587.0733457917 84594.47283169455 Roodepoort_1_0
9732 27590 84595.20265004084 84602.6021359437 Spartan_0_0
9546 27405 84603.95777641486 84611.35726231772 Roodepoort_0_0
7812 21002 84625.84819640823 84633.24768231109 Maputo_0_0
9277 25401 84646.60408858932 84654.00357449218 Bedfordview_0_1
9686 27544 84654.35165131482 84661.75113721768 Roodepoort_1_1
9777 27634 84662.48035114934 84669.8798370522 Spartan_0_1
9593 27452 84671.23458297299 84678.63406887585 Roodepoort_0_1
7858 21048 84693.07491956209 84700.47440546495 Maputo_0_1
9447 27099 84706.84499940301 84714.24448530587 Polokwane_1_0
9355 27008 84714.77163205473 84722.1711179576 Polokwane_0_0
9494 27146 84722.8388231803 84730.23830908316 Polokwane_1_1
9401 27053 84730.76338897791 84738.16287488077 Polokwane_0_1
7286 19116 84807.9433490634 84815.34283496626 Lilongwe_0_0
7328 19158 84815.39343218008 84822.79291808294 Lilongwe_0_1
2468 7265 85633.85231161118 85641.25179751404 Alexandria_0_0
2517 7314 85641.25766294514 85648.657148848 Alexandria_0_1
3030 8715 85738.9923030138 85746.39178891666 Nice_0_1
6595 17710 85754.36347925663 85761.76296515949 Milan_1_0
6660 17775 85761.94283381393 85769.34231971679 Milan_1_1
585 1084 85786.33291394473 85793.73239984759 Graz_0_0
11874 33071 85806.9778777251 85814.37736362797 Istanbul_0_1
716 1215 85829.31765110607 85836.71713700893 Linz_0_0
9031 24619 85850.24499208358 85857.64447798644 Otopeni_0_1
4287 10382 85888.18184627114 85895.581332174 Freiburg_0_0
4879 12232 85900.34307545928 85907.74256136215 Stuttgart_0_1
10737 30615 85935.62228399397 85943.02176989683 Vitoria-Gasteiz_0_1
4359 10606 85975.75448047953 85983.1539663824 Hannover_0_0
3311 9267 85991.43685019652 85998.83633609938 Berlin_1_0
4432 10679 86006.96613469336 86014.36562059622 Hannover_0_1
3541 9497 86015.70986329291 86023.10934919577 Bremen_1_0
3387 9343 86023.51503444773 86030.91452035059 Bremen_0_0
3618 9574 86031.4827246141 86038.88221051697 Bremen_1_1
8657 23405 86057.67744507022 86065.07693097308 Warsaw_0_1
10618 30496 86119.14523987327 86126.54472577613 Vigo_0_1
10809 30993 86171.1745743376 86178.57406024045 Gothenburg_0_0
10987 31171 86178.83672004202 86186.23620594488 Gothenburg_1_0
10898 31082 86186.40885908599 86193.80834498885 Gothenburg_0_1
11077 31261 86194.0685637777 86201.46804968057 Gothenburg_1_1
12047 33593 86230.66547260678 86238.06495850964 Aberdeen_0_0
6142 16153 86249.71267176664 86257.1121576695 Shannon_0_0
6218 16229 86257.21357354087 86264.61305944373 Shannon_0_1
