6054 15512 874.3437269628048 881.7432128656588 Salem_1_0
5966 15424 881.9842045739176 889.3836904767717 Salem_0_0
6098 15556 889.6680686937387 897.0675545965928 Salem_1_1
6010 15468 897.307085195053 904.706571097907 Salem_0_1
5919 15203 918.7658224701881 926.1653083730422 Panjim_0_0
5515 13190 1152.7135090827942 1160.1129949856484 Calcultta_0_0
5560 13233 1160.12214472574 1167.5216306285943 Calcultta_0_1
5764 14120 1178.3119452888236 1185.7114311916778 Indore_1_0
5719 14075 1186.096192145402 1193.4956780482562 Indore_0_0
5859 14401 1195.0620266650617 1202.4615125679159 Kanpur_1_0
5813 14355 1202.811687536883 1210.2111734397372 Kanpur_0_0
5425 13011 1212.3540276031736 1219.7535135060277 Baroda_1_0
5337 12923 1220.1710794310397 1227.570565333894 Baroda_0_0
5469 13055 1228.0670746387082 1235.4665605415623 Baroda_1_1
5381 12967 1235.8814921946098 1243.280978097464 Baroda_0_1
8170 22151 1260.6359501094544 1268.0354360123085 Karachi_0_0
5657 13415 1294.529021185327 1301.9285070881813 Chandigarh_1_0
5608 13366 1302.0869907020278 1309.486476604882 Chandigarh_0_0
8319 22300 1311.9582669619037 1319.357752864758 Lahore_1_0
8217 22198 1319.5830988978473 1326.9825848007015 Lahore_0_0
8370 22351 1327.2424201827903 1334.6419060856445 Lahore_1_1
8267 22248 1334.865906783835 1342.2653926866892 Lahore_0_1
7189 18977 1417.6606728732586 1425.0601587761128 Almaty_1_0
7071 18859 1425.167933673142 1432.5674195759962 Almaty_0_0
7248 19036 1432.682288135911 1440.0817740387652 Almaty_1_1
7130 18918 1440.1890651551205 1447.5885510579747 Almaty_0_1
1328 3578 2808.446215301752 2815.845701204606 Calgary_1_0
1256 3506 2816.1325393250395 2823.5320252278934 Calgary_0_0
15369 42295 2867.041823063944 2874.441308966798 Ironton_1_0
15304 42230 2874.5599462852865 2881.9594321881405 Ironton_0_0
15788 43104 3018.476097345352 3025.875583248206 Laredo_1_0
15739 43055 3025.951609164072 3033.351095066926 Laredo_0_0
16705 46388 3083.0409378409386 3090.4404237437925 Phoenix_0_1
16652 46335 3090.60866191562 3098.008147818474 Phoenix_0_0
14210 39996 3108.9900100827217 3116.3894959855756 Elgin_1_1
14112 39898 3116.945488052901 3124.344973955755 Elgin_0_1
7493 20082 3203.5131342709064 3210.9126201737604 Matamoros_0_0
6318 16766 7149.76246881485 7157.161954717704 Lod_0_0
2487 7284 7195.838200032711 7203.237685935565 Alexandria_0_0
2536 7333 7203.304486048836 7210.703971951691 Alexandria_0_1
6372 17015 7220.866526005313 7228.2660119081675 Migdal Haemek_0_0
6422 17065 7228.402671783129 7235.802157685984 Migdal Haemek_0_1
11789 32986 7273.632408857346 7281.0318947602 Ankara_0_0
11945 33142 7318.495433062315 7325.894918965169 Istanbul_1_0
11840 33037 7326.129586887409 7333.529072790263 Istanbul_0_0
11997 33194 7333.875610156728 7341.275096059582 Istanbul_1_1
11892 33089 7341.511517035481 7348.9110029383355 Istanbul_0_1
8991 24579 7390.285224944353 7397.6847108472075 Otopeni_0_0
9053 24641 7397.789837852399 7405.189323755253 Otopeni_0_1
676 1175 7561.881693959236 7569.2811798620905 Graz_1_0
611 1110 7569.342701609017 7576.742187511872 Graz_0_0
9190 25179 7578.065797172535 7585.465283075389 Senec_1_0
9123 25112 7585.54786545468 7592.947351357534 Senec_0_0
809 1308 7594.15291104728 7601.552396950135 Linz_1_0
742 1241 7601.611263120065 7609.010749022919 Linz_0_0
4794 11772 7661.60072568059 7669.000211583444 Munich_0_1
8611 23359 7675.782939849833 7683.182425752688 Warsaw_0_0
8688 23436 7683.304181117509 7690.703667020363 Warsaw_0_1
4531 10778 7696.860783345698 7704.2602692485525 Hannover_1_0
4385 10632 7704.309507864636 7711.70899376749 Hannover_0_0
3412 9368 7711.738578143868 7719.138064046722 Bremen_0_0
11017 31201 7722.712741749375 7730.112227652229 Gothenburg_1_0
1329 3579 8710.294551461935 8717.694037364789 Calgary_1_0
1257 3507 8717.786606353393 8725.186092256246 Calgary_0_0
4169 10264 8748.92760661661 8756.327092519463 Frankfurt_1_0
4096 10191 8756.574638866072 8763.974124768925 Frankfurt_0_1
4023 10118 8764.16910829045 8771.568594193304 Frankfurt_0_0
9840 27794 12075.677317649126 12083.07680355198 Welkom_0_0
7828 21018 12105.74388666672 12113.143372569573 Maputo_0_0
7874 21064 12113.281471195407 12120.68095709826 Maputo_0_1
9247 25372 12136.922047296192 12144.321533199045 Bedfordview_0_0
9655 27514 12144.680280406317 12152.07976630917 Roodepoort_1_0
9747 27605 12152.828103157151 12160.227589060005 Spartan_0_0
9562 27421 12161.6106594279 12169.010145330754 Roodepoort_0_0
9293 25417 12170.156060200328 12177.555546103182 Bedfordview_0_1
9464 27116 12185.350641185534 12192.750127088388 Polokwane_1_0
9511 27163 12192.908691781411 12200.308177684265 Polokwane_1_1
7300 19130 12307.332916885614 12314.732402788468 Lilongwe_0_0
7342 19172 12314.801138093682 12322.200623996536 Lilongwe_0_1
2488 7285 13099.703893780708 13107.103379683562 Alexandria_0_0
2537 7334 13107.114065937832 13114.513551840686 Alexandria_0_1
11946 33143 13261.658027112484 13269.057513015337 Istanbul_1_0
11841 33038 13269.151297935628 13276.550783838482 Istanbul_0_0
11998 33195 13276.649552717821 13284.049038620675 Istanbul_1_1
11893 33090 13284.142439518047 13291.541925420901 Istanbul_0_1
10405 29960 13348.991591423557 13356.39107732641 Linares_1_0
10352 29907 13356.460831544651 13363.860317447505 Linares_0_0
10525 30403 13366.043508963528 13373.442994866382 Valencia_0_0
8992 24580 13427.016975158327 13434.41646106118 Otopeni_0_0
9054 24642 13434.427614320071 13441.827100222925 Otopeni_0_1
10230 29207 13492.274772002405 13499.674257905259 El Prat De Llobregat_1_0
10174 29151 13499.851625539972 13507.251111442825 El Prat De Llobregat_0_0
2991 8676 13517.304422770165 13524.703908673018 Nice_0_0
3054 8739 13524.86588355312 13532.265369455974 Nice_0_1
6554 17669 13538.895958993578 13546.295444896432 Milan_0_1
4312 10407 13547.151851427247 13554.5513373301 Freiburg_0_0
4904 12257 13559.155982481952 13566.555468384806 Stuttgart_0_1
4755 11426 13567.833947382887 13575.23343328574 Mannheim_0_0
4242 10337 13577.174850259891 13584.574336162745 Frankfurt_1_1
5178 12528 13587.947932585052 13595.347418487905 Troisdorf-Spich_1_0
5107 12457 13595.761438427287 13603.160924330141 Troisdorf-Spich_0_0
3945 9898 13605.438999219848 13612.838485122702 Dortmund_1_1
3567 9523 13617.903792151177 13625.30327805403 Bremen_1_0
2419 7216 13636.158785569729 13643.558271472582 Hvidovre_1_0
2335 7132 13643.887651667932 13651.287137570785 Hvidovre_0_0
11018 31202 13652.153629861523 13659.553115764376 Gothenburg_1_0
10840 31024 13659.858151479766 13667.25763738262 Gothenburg_0_0
11108 31292 13667.682115747286 13675.08160165014 Gothenburg_1_1
10929 31113 13675.38383398649 13682.783319889344 Gothenburg_0_1
8002 21706 16140.64889895916 16148.048384862013 Auckland_0_0
8114 21875 16149.556437051331 16156.955922954185 Hamilton_0_1
8058 21819 16157.08846644147 16164.487952344323 Hamilton_0_0
4024 10119 16176.494963932324 16183.894449835178 Frankfurt_0_0
4097 10192 16183.899806517333 16191.299292420186 Frankfurt_0_1
10640 30518 16211.65722489513 16219.056710797984 Vigo_0_1
10406 29961 19076.885019809008 19084.28450571186 Linares_1_0
10353 29908 19084.592246111304 19091.991732014158 Linares_0_0
10526 30404 19114.476409465075 19121.875895367928 Valencia_0_0
8876 24354 19139.64042496515 19147.039910868003 Vila Franca Xira_1_0
8764 24242 19147.56821405432 19154.967699957175 Vila Franca Xira_0_0
8932 24410 19155.637835753303 19163.037321656157 Vila Franca Xira_1_1
8820 24298 19163.56291413683 19170.962400039683 Vila Franca Xira_0_1
10065 29044 19184.912121220095 19192.31160712295 Coslada_0_0
10297 29852 19192.81858065603 19200.218066558882 Las Rozas_0_0
9996 28279 19201.29407222002 19208.69355812287 Alovera_0_0
10120 29097 19209.210145401747 19216.6096313046 Coslada_0_1
10231 29208 19223.365145145563 19230.764631048416 El Prat De Llobregat_1_0
10175 29152 19230.889215027648 19238.2887009305 El Prat De Llobregat_0_0
2992 8677 19302.48554265499 19309.885028557845 Nice_0_0
3055 8740 19309.886164392712 19317.285650295566 Nice_0_1
2924 8410 19318.22911614653 19325.628602049383 Lyon_1_0
2859 8345 19325.70688735551 19333.106373258364 Lyon_0_0
4313 10408 19389.351239115 19396.750725017853 Freiburg_0_0
4756 11427 19438.153395205736 19445.55288110859 Mannheim_0_0
5179 12529 19445.95041891328 19453.349904816132 Troisdorf-Spich_1_0
5108 12458 19453.404295407337 19460.80378131019 Troisdorf-Spich_0_0
4684 11355 19460.863531683382 19468.263017586236 Koeln_0_0
12302 33848 19471.317884224583 19478.717370127437 Aylesford_1_0
12157 33703 19478.83029131267 19486.229777215525 Aylesford_0_0
12374 33920 19486.349928554093 19493.749414456946 Aylesford_1_1
12230 33776 19493.86176022183 19501.261246124683 Aylesford_0_1
12451 34295 19503.016673115595 19510.41615901845 Birmingham_0_0
12079 33625 19510.667333838468 19518.06681974132 Aberdeen_0_0
8003 21707 22158.70084565878 22166.100331561633 Auckland_0_0
549 1048 22215.542446169617 22222.94193207247 Sydney_0_1
497 996 22223.057835486645 22230.4573213895 Sydney_0_0
8115 21876 22279.987074017365 22287.386559920218 Hamilton_0_1
8059 21820 22287.38697620622 22294.786462109074 Hamilton_0_0
393 693 22350.42644778789 22357.825933690743 Derrimut_1_1
291 591 22357.974174545725 22365.37366044858 Derrimut_0_1
342 642 22365.5973889489 22372.996874851753 Derrimut_1_0
240 540 22373.146380412356 22380.54586631521 Derrimut_0_0
6802 18439 26820.13914191723 26827.538627820082 Narita_0_1
7013 18752 26828.061620222128 26835.46110612498 Tokyo_1_1
6749 18386 26836.0197849858 26843.419270888655 Narita_0_0
6909 18648 26844.190313962936 26851.58979986579 Tokyo_0_1
6961 18700 26851.83470238755 26859.234188290404 Tokyo_1_0
6857 18596 26859.44784214904 26866.847328051892 Tokyo_0_0
186 392 27919.984322965145 27927.383808868 Adelaide_1_1
82 288 27927.760381239794 27935.159867142647 Adelaide_0_1
134 340 27935.61128926052 27943.010775163373 Adelaide_1_0
30 236 27943.384749637367 27950.78423554022 Adelaide_0_0
394 694 28003.12727624178 28010.526762144633 Derrimut_1_1
292 592 28010.665923450022 28018.065409352876 Derrimut_0_1
343 643 28018.218461000026 28025.61794690288 Derrimut_1_0
241 541 28025.756404343516 28033.15589024637 Derrimut_0_0
12718 36184 29837.108645945787 29844.50813184864 Montevideo_1_0
12610 36076 29844.635801867575 29852.035287770428 Montevideo_0_0
12772 36238 29852.176319586815 29859.57580548967 Montevideo_1_1
12664 36130 29859.704092447333 29867.103578350187 Montevideo_0_1
1029 2789 29912.36279502511 29919.762280927964 Paranagua_0_0
978 2646 29922.092378117515 29929.49186402037 Curitiba_0_0
1127 2936 29954.331007658377 29961.73049356123 Rio De Janeiro_1_0
1079 2888 29962.281477491735 29969.68096339459 Rio De Janeiro_0_0
883 2551 29984.343768275045 29991.743254177898 Campinas_0_0
931 2599 29991.89170570933 29999.291191612185 Campinas_0_1
13758 39228 31133.834618598223 31141.234104501076 Dulles_1_0
13657 39127 31141.311470383822 31148.710956286675 Dulles_0_0
12833 36755 31149.17087547475 31156.570361377602 Baltimore_0_0
13808 39278 31156.905908923214 31164.305394826068 Dulles_1_1
13707 39177 31164.383510957938 31171.78299686079 Dulles_0_1
12882 36804 31172.247549388605 31179.64703529146 Baltimore_0_1
15637 42953 31180.792096645706 31188.19158254856 Lansdale_1_0
15535 42851 31188.300777362645 31195.7002632655 Lansdale_0_0
15688 43004 31195.87235170959 31203.271837612443 Lansdale_1_1
15586 42902 31203.382026665724 31210.781512568577 Lansdale_0_1
1190 3440 31212.08415279724 31219.483638700094 Brampton_0_0
6803 18440 32740.108393073082 32747.507878975935 Narita_0_1
6750 18387 32747.55405306291 32754.953538965765 Narita_0_0
7014 18753 32755.188235633595 32762.58772153645 Tokyo_1_1
6910 18649 32762.680750221327 32770.08023612418 Tokyo_0_1
6962 18701 32770.22107101388 32777.620556916736 Tokyo_1_0
6858 18597 32777.7127446337 32785.11223053656 Tokyo_0_0
1404 4620 32836.709670807795 32844.10915671065 Beijing_0_0
9945 28230 32874.001387733726 32881.40087363658 Seoul_1_0
9896 28183 32881.94311654099 32889.342602443845 Seoul_0_0
2093 5496 32909.35297269209 32916.75245859494 Qingdao_1_1
1985 5388 32917.19495445914 32924.594440361994 Qingdao_0_1
2039 5442 32925.137469536676 32932.53695543953 Qingdao_1_0
1931 5334 32932.98246416848 32940.381950071336 Qingdao_0_0
2197 5600 32947.19465187449 32954.59413777734 Shanghai_0_1
2147 5550 32954.73352830361 32962.13301420646 Shanghai_0_0
11372 32360 32962.837169229526 32970.23665513238 Nankan_1_0
11324 32312 32970.84405419418 32978.243540097035 Nankan_0_0
11559 32637 32985.32150583722 32992.720991740076 Taipei_0_1
11279 32267 32993.64501314737 33001.04449905022 Linkou_0_1
11649 32727 33001.08833183895 33008.48781774181 Taoyuan_0_1
11604 32682 33008.64454687537 33016.04403277823 Taoyuan_0_0
11468 32546 33018.046182919825 33025.44566882268 Tainan_1_0
11422 32500 33026.11313328572 33033.51261918857 Tainan_0_0
11189 32177 33034.2555568211 33041.655042723956 Kaohsiung_0_0
8541 22605 33052.785945819924 33060.18543172278 Manila_1_1
8459 22523 33060.86476763414 33068.264253536996 Manila_0_1
8500 22564 33069.09645440812 33076.495940310975 Manila_1_0
8418 22482 33077.17378327064 33084.573269173496 Manila_0_0
448 948 33809.14958354831 33816.54906945116 Perth_0_0
4170 10265 33866.07216383507 33873.47164973793 Frankfurt_1_0
12719 36185 35680.68454569578 35688.084031598635 Montevideo_1_0
12611 36077 35688.23948548737 35695.638971390224 Montevideo_0_0
12773 36239 35695.86440506805 35703.263890970906 Montevideo_1_1
12665 36131 35703.41808953865 35710.817575441506 Montevideo_0_1
17086 48650 36708.014920681715 36715.41440658457 Tampa_1_0
16989 48553 36716.053037742706 36723.45252364556 Tampa_0_0
17135 48699 36724.25216790742 36731.65165381027 Tampa_1_1
17037 48601 36732.28967509039 36739.68916099324 Tampa_0_1
13858 39450 36772.26575180888 36779.665237711735 Edison_0_0
13907 39499 36779.828879884386 36787.22836578724 Edison_0_1
14578 41019 36793.17208225416 36800.571568157015 Greenville_0_0
14524 40965 36866.76836657524 36874.167852478095 Grapevine_1_1
14420 40861 36874.40752133444 36881.807007237294 Grapevine_0_1
15943 43493 36915.41543897581 36922.814924878665 Little Hocking_1_0
15894 43444 36923.284260674096 36930.68374657695 Little Hocking_0_0
13032 37201 36943.53169219608 36950.93117809893 Carmel_1_0
12935 37104 36951.47332626278 36958.87281216563 Carmel_0_0
12983 37152 36959.04697050627 36966.446456409125 Carmel_0_1
15432 42544 36971.073425277056 36978.47291117991 Joliet_0_0
15370 42296 37036.601384848356 37044.00087075121 Ironton_1_0
15305 42231 37044.31532450755 37051.714810410405 Ironton_0_0
1330 3580 37339.00435501337 37346.403840916224 Calgary_1_0
1258 3508 37346.44718202689 37353.84666792974 Calgary_0_0
4098 10193 37413.11011475483 37420.509600657686 Frankfurt_0_1
4025 10120 37420.51446058295 37427.9139464858 Frankfurt_0_0
1405 4621 38583.44288575649 38590.842371659346 Beijing_0_0
1506 4771 38737.99920618534 38745.398692088194 Chongqing_1_0
1457 4722 38745.643465711495 38753.04295161435 Chongqing_0_0
5288 12788 38877.64106297493 38885.04054887778 Ahmedabad_0_1
5240 12740 38885.07175159202 38892.47123749487 Ahmedabad_0_0
5561 13234 39028.04496118426 39035.44444708712 Calcultta_0_1
5516 13191 39035.45668545991 39042.856171362764 Calcultta_0_0
10641 30519 39046.76819833775 39054.1676842406 Vigo_0_1
7727 20496 42512.21324121952 42519.612727122374 Pachuca_1_0
7636 20405 42519.96133066266 42527.36081656552 Pachuca_0_0
7773 20542 42527.77242428255 42535.1719101854 Pachuca_1_1
7682 20451 42535.51831797018 42542.91780387303 Pachuca_0_1
7443 19758 42551.27147561272 42558.67096151557 Aguascalientes_1_0
7399 19715 42559.22927791931 42566.62876382216 Aguascalientes_0_0
7589 20358 42599.85656416416 42607.256050067015 Monterrey_1_0
7543 20312 42607.621466692195 42615.02095259505 Monterrey_0_0
7494 20083 42630.77544935329 42638.174935256146 Matamoros_0_0
16107 44229 42793.50419667363 42800.903682576485 Melville_1_0
16057 44179 42800.98410998201 42808.383595884865 Melville_0_0
14473 40914 42840.46211847663 42847.86160437948 Grapevine_1_0
14368 40809 42847.94228820296 42855.341774105815 Grapevine_0_0
16653 46336 42897.65367579635 42905.0531616992 Phoenix_0_0
16706 46389 42905.20155717971 42912.60104308256 Phoenix_0_1
16167 44690 42952.753560373756 42960.15304627661 Metaire_0_0
13607 39077 42972.2675960207 42979.66708192355 Denver_1_1
16880 47678 42999.55920704824 43006.95869295109 Salt Lake City_1_0
16780 47578 43007.47810804905 43014.877593951904 Salt Lake City_0_0
16830 47628 43015.05434247268 43022.45382837553 Salt Lake City_0_1
1331 3581 43027.758766759594 43035.15825266245 Calgary_1_0
1259 3509 43035.60016950299 43042.999655405845 Calgary_0_0
7249 19037 44430.94149693847 44438.34098284132 Almaty_1_1
7131 18919 44438.86543663871 44446.264922541566 Almaty_0_1
7190 18978 44446.96106999185 44454.3605558947 Almaty_1_0
7072 18860 44454.8869503671 44462.286436269955 Almaty_0_0
8371 22352 44630.161619365215 44637.56110526807 Lahore_1_1
8268 22249 44638.18707868362 44645.586564586476 Lahore_0_1
8320 22301 44646.37959010955 44653.779076012404 Lahore_1_0
8218 22199 44654.40588995893 44661.80537586178 Lahore_0_0
5658 13416 44671.87747101345 44679.27695691631 Chandigarh_1_0
5609 13367 44679.807210744424 44687.20669664728 Chandigarh_0_0
5562 13235 44821.590768516064 44828.99025441892 Calcultta_0_1
5517 13192 44829.0394566561 44836.438942558954 Calcultta_0_0
8171 22152 44881.83949293572 44889.23897883857 Karachi_0_0
5860 14402 44915.32764235425 44922.7271282571 Kanpur_1_0
5470 13056 44927.30202971505 44934.701515617904 Baroda_1_1
5814 14356 44938.64470675065 44946.044192653506 Kanpur_0_0
5382 12968 44950.66523601517 44958.064721918025 Baroda_0_1
5426 13012 44958.904803273654 44966.30428917651 Baroda_1_0
5765 14121 44969.79975912697 44977.19924502982 Indore_1_0
6011 15469 44995.48847252689 45002.88795842975 Salem_0_1
5967 15425 45002.94325182304 45010.34273772589 Salem_0_0
17639 49760 48732.89257887006 48740.29206477291 Wilmington_0_0
13133 37500 48740.29480604846 48747.69429195132 Carson_0_0
15484 42800 48747.77035004781 48755.16983595066 Lakewood_0_0
13183 37550 48755.23764835838 48762.63713426123 Carson_0_1
6423 17066 50674.096376001835 50681.49586190469 Migdal Haemek_0_1
6373 17016 50681.50480280335 50688.9042887062 Migdal Haemek_0_0
6319 16767 50704.45509147644 50711.854577379294 Lod_0_0
7343 19173 51349.70172351599 51357.10120941884 Lilongwe_0_1
7301 19131 51357.19791413599 51364.597400038845 Lilongwe_0_0
9512 27164 51526.06106746197 51533.46055336482 Polokwane_1_1
9419 27071 51533.737207543156 51541.13669344601 Polokwane_0_1
9465 27117 51541.50077982754 51548.90026573039 Polokwane_1_0
9373 27026 51549.178846809475 51556.57833271233 Polokwane_0_0
7875 21065 51564.79876211803 51572.19824802088 Maputo_0_1
7829 21019 51572.33593884846 51579.735424751314 Maputo_0_0
9794 27651 51589.002455325965 51596.40194122882 Spartan_0_1
9294 25418 51596.497147438684 51603.89663334154 Bedfordview_0_1
9703 27561 51604.04752628106 51611.44701218391 Roodepoort_1_1
9610 27469 51611.68087478244 51619.08036068529 Roodepoort_0_1
9748 27606 51619.642115584706 51627.04160148756 Spartan_0_0
9248 25373 51627.13743408746 51634.536919990314 Bedfordview_0_0
9656 27515 51634.68892506167 51642.08841096453 Roodepoort_1_0
9563 27422 51642.32397481686 51649.72346071972 Roodepoort_0_0
9841 27795 51650.3791626153 51657.77864851816 Welkom_0_0
10930 31114 56156.5797072649 56163.979193167754 Gothenburg_0_1
11109 31293 56164.04636446529 56171.445850368145 Gothenburg_1_1
10841 31025 56171.51890752738 56178.918393430235 Gothenburg_0_0
11019 31203 56178.9858131134 56186.385299016256 Gothenburg_1_0
2336 7133 56192.258167266846 56199.6576531697 Hvidovre_0_0
2420 7217 56199.73192840105 56207.131414303905 Hvidovre_1_0
3492 9448 56297.90690776706 56305.30639366991 Bremen_0_1
3646 9602 56305.35939843863 56312.758884341485 Bremen_1_1
3415 9371 56312.81827766119 56320.21776356404 Bremen_0_0
3569 9525 56320.27089611325 56327.670382016106 Bremen_1_0
8690 23438 56335.77404746277 56343.173533365625 Warsaw_0_1
8613 23361 56343.21259984952 56350.61208575237 Warsaw_0_0
4460 10707 56358.51495520861 56365.91444111146 Hannover_0_1
4606 10853 56365.97374667888 56373.37323258173 Hannover_1_1
3340 9296 56374.988738872904 56382.38822477576 Berlin_1_0
3266 9222 56382.47660731274 56389.87609321559 Berlin_0_0
4387 10634 56391.467702985785 56398.86718888864 Hannover_0_0
4533 10780 56398.926661897276 56406.32614780013 Hannover_1_0
3947 9900 56407.07929538264 56414.47878128549 Dortmund_1_1
3872 9825 56414.48508608224 56421.884571985094 Dortmund_1_0
4243 10338 56422.21831704196 56429.61780294481 Frankfurt_1_1
4905 12258 56429.69700949967 56437.096495402526 Stuttgart_0_1
5040 12393 56437.15562984953 56444.55511575238 Stuttgart_1_1
9192 25181 56449.60330479847 56457.00279070132 Senec_1_0
9125 25114 56457.16287733116 56464.562363234014 Senec_0_0
811 1310 56466.91996429348 56474.31945019633 Linz_1_0
744 1243 56474.42917489733 56481.82866080018 Linz_0_0
678 1177 56482.84760269075 56490.247088593605 Graz_1_0
613 1112 56490.37812946183 56497.777615364685 Graz_0_0
9055 24643 56516.415027504816 56523.81451340767 Otopeni_0_1
6424 17067 56556.57102596418 56563.97051186703 Migdal Haemek_0_1
6374 17017 56564.04354682842 56571.44303273127 Migdal Haemek_0_0
6320 16768 56571.72844085138 56579.127926754234 Lod_0_0
9842 27796 57584.24153235555 57591.6410182584 Welkom_0_0
4171 10266 57613.36677969753 57620.76626560038 Frankfurt_1_0
4099 10194 57621.382046992054 57628.78153289491 Frankfurt_0_1
4026 10121 57628.98117944429 57636.38066534714 Frankfurt_0_0
3797 9753 57641.43628474749 57648.835770650345 Dortmund_0_1
3722 9678 57649.035587247534 57656.43507315039 Dortmund_0_0
11110 31294 61961.56761786342 61968.96710376627 Gothenburg_1_1
10931 31115 61969.3209504589 61976.72043636176 Gothenburg_0_1
11020 31204 61977.30241966584 61984.70190556869 Gothenburg_1_0
10842 31026 61985.056122302594 61992.45560820545 Gothenburg_0_0
2421 7218 61997.9458810091 62005.345366911955 Hvidovre_1_0
2337 7134 62005.68835996963 62013.087845872484 Hvidovre_0_0
12080 33626 62042.92691950517 62050.32640540802 Aberdeen_0_0
8691 23439 62095.294246546524 62102.69373244938 Warsaw_0_1
8614 23362 62102.80404579773 62110.20353170059 Warsaw_0_0
12526 34370 62153.374780242695 62160.77426614555 Birmingham_1_0
12452 34296 62161.02200538795 62168.42149129081 Birmingham_0_0
6556 17671 62201.03616235949 62208.43564826234 Milan_0_1
3056 8741 62211.180426703926 62218.57991260678 Nice_0_1
2993 8678 62218.756301925016 62226.15578782787 Nice_0_0
10760 30638 62253.72310898811 62261.12259489096 Vitoria-Gasteiz_0_1
3723 9679 62307.48246350073 62314.881949403585 Dortmund_0_0
3798 9754 62314.92957419395 62322.3290600968 Dortmund_0_1
10642 30520 62326.28928835995 62333.6887742628 Vigo_0_1
8060 21821 65266.47519516945 65273.8746810723 Hamilton_0_0
8116 21877 65274.01378518152 65281.41327108438 Hamilton_0_1
8004 21708 65282.14468768239 65289.544173585244 Auckland_0_0
498 997 65541.59960258007 65548.99908848293 Sydney_0_0
550 1049 65549.00205811551 65556.40154401837 Sydney_0_1
6751 18388 66587.18249702454 66594.5819829274 Narita_0_0
6963 18702 66594.97573401974 66602.3752199226 Tokyo_1_0
6859 18598 66602.5100563319 66609.90954223476 Tokyo_0_0
6804 18441 66610.50575128813 66617.905237191 Narita_0_1
7015 18754 66618.30237750617 66625.70186340903 Tokyo_1_1
6911 18650 66625.83782863102 66633.23731453388 Tokyo_0_1
11111 31295 67895.8417674303 67903.24125333317 Gothenburg_1_1
10932 31116 67903.28490556126 67910.68439146412 Gothenburg_0_1
11021 31205 67910.79782174106 67918.19730764392 Gothenburg_1_0
10843 31027 67918.24033953976 67925.63982544262 Gothenburg_0_0
2422 7219 67977.79122576118 67985.19071166404 Hvidovre_1_0
2338 7135 67985.22503413954 67992.6245200424 Hvidovre_0_0
3648 9604 68026.89883339405 68034.29831929691 Bremen_1_1
3494 9450 68034.33767918409 68041.73716508695 Bremen_0_1
3571 9527 68041.82723215585 68049.22671805871 Bremen_1_0
3417 9373 68049.26553066271 68056.66501656557 Bremen_0_0
12081 33627 68064.35501831422 68071.75450421708 Aberdeen_0_0
3949 9902 68079.57746599904 68086.9769519019 Dortmund_1_1
3874 9827 68087.02403678738 68094.42352269024 Dortmund_1_0
4686 11357 68094.42641859039 68101.82590449325 Koeln_0_0
7936 21198 68102.35744715674 68109.7569330596 Eindhoven_0_0
10761 30639 68205.87498652935 68213.27447243221 Vitoria-Gasteiz_0_1
10467 30133 68213.90292946252 68221.30241536538 Santander_0_0
10122 29099 68264.5999647975 68271.99945070036 Coslada_0_1
10299 29854 68272.09323302128 68279.49271892414 Las Rozas_0_0
10584 30462 68282.93953872962 68290.33902463249 Vigo_0_0
8934 24412 68291.58318612474 68298.9826720276 Vila Franca Xira_1_1
8822 24300 68299.10110017612 68306.50058607898 Vila Franca Xira_0_1
8878 24356 68306.6821038446 68314.08158974747 Vila Franca Xira_1_0
8766 24244 68314.19896266 68321.59844856286 Vila Franca Xira_0_0
1128 2937 69292.05361649394 69299.4531023968 Rio De Janeiro_1_0
1080 2889 69299.79631586783 69307.1958017707 Rio De Janeiro_0_0
932 2600 69342.15785375237 69349.55733965524 Campinas_0_1
884 2552 69349.61603171552 69357.01551761838 Campinas_0_0
1030 2790 69396.42835697532 69403.82784287818 Paranagua_0_0
979 2647 69409.90396666527 69417.30345256813 Curitiba_0_0
12774 36240 69628.71053656936 69636.11002247222 Montevideo_1_1
12666 36132 69636.19071189302 69643.59019779589 Montevideo_0_1
12720 36186 69643.71512925424 69651.1146151571 Montevideo_1_0
12612 36078 69651.19606101075 69658.59554691361 Montevideo_0_0
344 644 71204.08921590447 71211.48870180734 Derrimut_1_0
242 542 71212.04495237279 71219.44443827565 Derrimut_0_0
395 695 71220.16819965925 71227.56768556211 Derrimut_1_1
293 593 71228.12526316226 71235.52474906512 Derrimut_0_1
499 998 71267.70020571351 71275.09969161637 Sydney_0_0
551 1050 71275.20730265454 71282.6067885574 Sydney_0_1
135 341 71319.27782208197 71326.67730798484 Adelaide_1_0
31 237 71327.06427187154 71334.4637577744 Adelaide_0_0
187 393 71334.93312210147 71342.33260800433 Adelaide_1_1
83 289 71342.72221076062 71350.12169666348 Adelaide_0_1
8501 22565 72202.08878424764 72209.4882701505 Manila_1_0
8419 22483 72209.61934550782 72217.01883141068 Manila_0_0
8542 22606 72217.18783322001 72224.58731912287 Manila_1_1
8460 22524 72224.71930982437 72232.11879572723 Manila_0_1
11190 32178 72305.30384165049 72312.70332755335 Kaohsiung_0_0
11469 32547 72312.86153117781 72320.26101708067 Tainan_1_0
11423 32501 72320.4247045696 72327.82419047246 Tainan_0_0
11695 32773 72329.80892962252 72337.20841552538 Teiyuan_0_0
11605 32683 72337.20841552538 72344.60790142824 Taoyuan_0_0
11515 32593 72344.97819319103 72352.37767909389 Taipei_0_0
11235 32223 72352.65963126389 72360.05911716675 Linkou_0_0
11740 32818 72360.07779171303 72367.4772776159 Teiyuan_0_1
11650 32728 72367.4772776159 72374.87676351875 Taoyuan_0_1
11560 32638 72375.24978868749 72382.64927459035 Taipei_0_1
11280 32268 72382.9332303342 72390.33271623706 Linkou_0_1
2254 6124 72393.83291426224 72401.2324001651 Xiamen_0_0
11373 32361 72403.61180564473 72411.01129154759 Nankan_1_0
11325 32313 72411.19221219927 72418.59169810213 Nankan_0_0
1832 5235 72422.71499138986 72430.11447729272 Ningbo_1_0
1733 5136 72430.38872376371 72437.78820966657 Ningbo_0_0
1881 5284 72438.15815998995 72445.55764589281 Ningbo_1_1
1783 5186 72445.83379242191 72453.23327832477 Ningbo_0_1
2148 5551 72453.81864193268 72461.21812783554 Shanghai_0_0
2198 5601 72461.31822408468 72468.71770998754 Shanghai_0_1
7016 18755 72516.28652972648 72523.68601562934 Tokyo_1_1
6912 18651 72523.83170276196 72531.23118866482 Tokyo_0_1
6805 18442 72531.73234108808 72539.13182699094 Narita_0_1
2040 5443 72585.72005148658 72593.11953738944 Qingdao_1_0
9946 28231 72612.66349145633 72620.0629773592 Seoul_1_0
1932 5335 72639.90247838659 72647.30196428945 Qingdao_0_0
9897 28184 72666.57255565553 72673.97204155839 Seoul_0_0
933 2601 75283.63450014591 75291.03398604877 Campinas_0_1
885 2553 75291.04329943545 75298.44278533831 Campinas_0_0
1031 2791 75299.10985648342 75306.50934238629 Paranagua_0_0
980 2648 75307.02014496102 75314.41963086388 Curitiba_0_0
12775 36241 75374.35602894425 75381.75551484711 Montevideo_1_1
12667 36133 75382.00283902144 75389.4023249243 Montevideo_0_1
12721 36187 75389.68884872805 75397.08833463091 Montevideo_1_0
12613 36079 75397.33409305374 75404.7335789566 Montevideo_0_0
449 949 77245.401304394 77252.80079029687 Perth_0_0
8502 22566 78087.06257212162 78094.46205802448 Manila_1_0
8420 22484 78094.56909218838 78101.96857809124 Manila_0_0
8543 22607 78102.09188669882 78109.49137260168 Manila_1_1
8461 22525 78109.59784606672 78116.99733196959 Manila_0_1
11606 32684 78310.66199538112 78318.06148128398 Taoyuan_0_0
11374 32362 78318.60119349165 78326.0006793945 Nankan_1_0
11326 32314 78326.0917889989 78333.49127490177 Nankan_0_0
1507 4772 78355.1158828921 78362.51536879496 Chongqing_1_0
1458 4723 78363.10209845951 78370.50158436237 Chongqing_0_0
1406 4622 78466.15066000819 78473.55014591105 Beijing_0_0
1192 3442 80053.98904252052 80061.38852842338 Brampton_0_0
16009 44131 80083.03478125784 80090.4342671607 Medford_0_0
15033 41520 80093.31822732711 80100.71771322997 Hebron_1_1
14930 41417 80101.25175386172 80108.65123976459 Hebron_0_1
14981 41468 80109.34899298532 80116.74847888818 Hebron_1_0
14878 41365 80117.28479966712 80124.68428556998 Hebron_0_0
17390 49407 80127.04420087942 80134.44368678228 Watertown_0_0
14308 40093 80179.3480977416 80186.74758364446 Elk Grove Village_0_1
14729 41169 80186.82037771156 80194.21986361442 Hanover Park_0_1
13398 38381 80198.24661157485 80205.64609747771 Columbus_1_0
13348 38331 80205.82078400323 80213.22026990609 Columbus_0_0
15944 43494 80215.05014271481 80222.44962861767 Little Hocking_1_0
15895 43445 80222.6649189599 80230.06440486276 Little Hocking_0_0
15242 41974 80267.03512945771 80274.43461536057 Huntsville_1_1
15138 41870 80274.5568786873 80281.95636459017 Huntsville_0_1
17491 49508 80288.36863606592 80295.76812196878 West Columbia_0_1
17439 49456 80295.81783729124 80303.2173231941 West Columbia_0_0
17136 48700 80320.00219613314 80327.401682036 Tampa_1_1
17038 48602 80327.69435104849 80335.09383695135 Tampa_0_1
17087 48651 80335.43830027852 80342.83778618138 Tampa_1_0
16990 48554 80343.13233811772 80350.53182402058 Tampa_0_0
6056 15514 83927.77511441708 83935.17460031994 Salem_1_0
5968 15426 83935.54373042879 83942.94321633165 Salem_0_0
6100 15558 83943.40205645 83950.80154235286 Salem_1_1
6012 15470 83951.17298114281 83958.57246704567 Salem_0_1
5921 15205 84034.79220229387 84042.19168819673 Panjim_0_0
5518 13193 84071.7637348283 84079.16322073116 Calcultta_0_0
5563 13236 84079.31153648884 84086.7110223917 Calcultta_0_1
5766 14122 84120.03729659319 84127.43678249605 Indore_1_0
5861 14403 84128.37843864919 84135.77792455205 Kanpur_1_0
5815 14357 84136.03855747734 84143.4380433802 Kanpur_0_0
5659 13417 84208.96920010448 84216.36868600734 Chandigarh_1_0
5610 13368 84216.90491656326 84224.30440246612 Chandigarh_0_0
8269 22250 84240.20910272002 84247.60858862288 Lahore_0_1
1260 3510 85979.4541824758 85986.85366837867 Calgary_0_0
1332 3582 85986.9128407848 85994.31232668766 Calgary_1_0
1193 3443 86051.09861595888 86058.49810186174 Brampton_0_0
15372 42298 86084.3476763251 86091.74716222796 Ironton_1_0
15307 42233 86092.24087282293 86099.6403587258 Ironton_0_0
15945 43495 86126.53720414378 86133.93669004664 Little Hocking_1_0
15896 43446 86134.03520460989 86141.43469051275 Little Hocking_0_0
16058 44180 86160.20503613353 86167.60452203639 Melville_0_0
16108 44230 86167.8861077483 86175.28559365116 Melville_1_0
