9451 27103 0.0 7.399485902854087 Polokwane_1_0
9736 27594 30.080319895447992 37.47980579830208 Spartan_0_0
9644 27503 38.16280631241205 45.56229221526614 Roodepoort_1_0
9236 25361 45.9676273509945 53.367113253848586 Bedfordview_0_0
10390 29945 694.4602618515491 701.8597477544032 Linares_1_0
10337 29892 702.0625882573426 709.4620741601966 Linares_0_0
3035 8720 741.3092259076022 748.7087118104563 Nice_0_1
2905 8391 753.5869372869003 760.9864231897543 Lyon_1_0
2648 8063 777.2869695516988 784.6864554545529 Bordeaux_0_1
8915 24393 799.458772513322 806.858258416176 Vila Franca Xira_1_1
8803 24281 806.9609197724382 814.3604056752922 Vila Franca Xira_0_1
591 1090 866.3823198635706 873.7818057664247 Graz_0_0
4884 12237 882.0535370398362 889.4530229426903 Stuttgart_0_1
3100 8785 905.6693084088373 913.0687943116914 Roissy Cdg Cedex_0_0
10622 30500 939.1591497792488 946.5586356821028 Vigo_0_1
4221 10316 988.8941598995233 996.2936458023773 Frankfurt_1_1
5088 12441 999.3764029638098 1006.7758888666639 Troisdorf-Spich_0_0
3700 9656 1007.8702666196575 1015.2697525225116 Dortmund_0_0
3850 9806 1015.5950918297609 1022.994577732615 Dortmund_1_0
12134 33680 1040.470044719249 1047.8695306221032 Aylesford_0_0
4365 10612 1069.3716477589783 1076.7711336618324 Hannover_0_0
4438 10685 1076.8319943433444 1084.2314802461985 Hannover_0_1
3393 9349 1085.4678835368923 1092.8673694397464 Bremen_0_0
3547 9503 1093.132283946922 1100.531769849776 Bremen_1_0
3243 9199 1106.0506232500607 1113.4501091529148 Berlin_0_0
12428 34272 1144.0290134372235 1151.4284993400777 Birmingham_0_0
6148 16159 1163.6443183449214 1171.0438042477756 Shannon_0_0
2313 7110 1213.4194139040512 1220.8188998069054 Hvidovre_0_0
8587 23335 1226.489342584571 1233.8888284874251 Warsaw_0_0
12054 33600 1264.2528959666838 1271.652381869538 Aberdeen_0_0
10815 30999 1296.2013026170787 1303.6007885199328 Gothenburg_0_0
10993 31177 1303.7563341900018 1311.155820092856 Gothenburg_1_0
10904 31088 1311.2837992375485 1318.6832851404026 Gothenburg_0_1
11083 31267 1318.8376688824649 1326.237154785319 Gothenburg_1_1
7987 21691 3574.744179457426 3582.14366536028 Auckland_0_0
8098 21859 3584.7518171668053 3592.151303069659 Hamilton_0_1
8042 21803 3592.3031296869913 3599.702615589845 Hamilton_0_0
8748 24226 6580.624542146921 6588.024028049776 Vila Franca Xira_0_0
8860 24338 6588.2344279202625 6595.633913823117 Vila Franca Xira_1_0
8804 24282 6595.811636773024 6603.211122675878 Vila Franca Xira_0_1
8916 24394 6603.4202394487875 6610.819725351642 Vila Franca Xira_1_1
10338 29893 6616.833424627781 6624.232910530635 Linares_0_0
10391 29946 6624.335034792359 6631.734520695213 Linares_1_0
10566 30444 6637.672900527716 6645.07238643057 Vigo_0_0
10623 30501 6645.097724245794 6652.497210148648 Vigo_0_1
10282 29837 6656.3322763095375 6663.731762212392 Las Rozas_0_0
10050 29029 6663.911214423296 6671.31070032615 Coslada_0_0
10105 29082 6671.3165373688935 6678.716023271748 Coslada_0_1
9981 28264 6678.894098606259 6686.293584509113 Alovera_0_0
10449 30115 6707.228001564741 6714.6274874675955 Santander_0_0
10683 30561 6715.200949492126 6722.60043539498 Vitoria-Gasteiz_0_0
10743 30621 6722.602772737298 6730.002258640153 Vitoria-Gasteiz_0_1
10511 30389 6730.968670881463 6738.368156784318 Valencia_0_0
2586 8001 6799.27773681283 6806.677222715684 Bordeaux_0_0
2649 8064 6806.678905662474 6814.078391565328 Bordeaux_0_1
2712 8127 6814.1389849873385 6821.538470890193 Bordeaux_1_0
2776 8191 6821.540319197732 6828.939805100586 Bordeaux_1_1
6149 16160 6833.408777792716 6840.8082636955705 Shannon_0_0
6225 16236 6840.820683706529 6848.220169609383 Shannon_0_1
12429 34273 6886.817119300365 6894.21660520322 Birmingham_0_0
12503 34347 6894.27709740634 6901.676583309194 Birmingham_1_0
12571 35172 6902.1340541202235 6909.533540023078 Littlehampton_0_0
12578 35695 6909.696152928257 6917.0956388311115 Reading_0_1
12575 35469 6917.099556212614 6924.499042115468 Northampton_0_0
12569 35023 6924.718235283927 6932.117721186782 Heathrow_1_0
12135 33681 6932.352203946736 6939.751689849591 Aylesford_0_0
12208 33754 6939.757441047009 6947.156926949863 Aylesford_0_1
12281 33827 6947.209947920644 6954.609433823498 Aylesford_1_0
12353 33899 6954.615278024297 6962.014763927152 Aylesford_1_1
12055 33601 6963.100335149001 6970.499821051855 Aberdeen_0_0
535 1034 9453.964818418026 9461.36430432088 Sydney_0_1
483 982 9461.519951095546 9468.9194369984 Sydney_0_0
1114 2923 11642.108599454165 11649.508085357018 Rio De Janeiro_1_0
1066 2875 11649.606230506448 11657.005716409301 Rio De Janeiro_0_0
6790 18427 14250.414356797934 14257.813842700787 Narita_0_1
6737 18374 14257.967736094082 14265.367221996936 Narita_0_0
7001 18740 14266.835202105247 14274.2346880081 Tokyo_1_1
6897 18636 14274.8014132109 14282.200899113754 Tokyo_0_1
6949 18688 14282.915653881979 14290.315139784832 Tokyo_1_0
6845 18584 14290.884571656477 14298.28405755933 Tokyo_0_0
9932 28218 14346.485435843468 14353.884921746321 Seoul_1_0
9883 28171 14353.983290355882 14361.382776258735 Seoul_0_0
433 933 15441.893748134375 15449.293234037228 Perth_0_0
68 274 15501.76085079953 15509.160336702384 Adelaide_0_1
172 378 15509.279964289122 15516.679450191976 Adelaide_1_1
16 222 15516.787860510167 15524.18734641302 Adelaide_0_0
120 326 15524.306414368772 15531.705900271625 Adelaide_1_0
12702 36168 17241.96257957816 17249.362065481015 Montevideo_1_0
12594 36060 17249.754166356677 17257.15365225953 Montevideo_0_0
12756 36222 17257.62974585189 17265.029231754743 Montevideo_1_1
12648 36114 17265.424002382206 17272.82348828506 Montevideo_0_1
1018 2778 17373.66864824295 17381.068134145804 Paranagua_0_0
967 2635 17383.08191016284 17390.481396065694 Curitiba_0_0
872 2540 17422.215139478445 17429.6146253813 Campinas_0_0
920 2588 17429.706739118308 17437.10622502116 Campinas_0_1
1067 2876 17442.31257875458 17449.712064657433 Rio De Janeiro_0_0
1115 2924 17449.874475375895 17457.273961278748 Rio De Janeiro_1_0
15624 42940 18489.793753683567 18497.19323958642 Lansdale_1_0
14965 41452 18505.299773495604 18512.699259398458 Hebron_1_0
12820 36742 18524.014975706297 18531.41446160915 Baltimore_0_0
14862 41349 18542.277203973852 18549.676689876705 Hebron_0_0
15522 42838 18557.64283749301 18565.042323395865 Lansdale_0_0
15017 41504 18573.6338837569 18581.03336965975 Hebron_1_1
15573 42889 18589.493274797835 18596.892760700688 Lansdale_0_1
13745 39215 18600.970717482818 18608.37020338567 Dulles_1_0
17375 49394 18618.246623690724 18625.646109593577 Watertown_0_0
13644 39114 18635.745597715108 18643.14508361796 Dulles_0_0
15993 44115 18659.641744282508 18667.04123018536 Medford_0_0
13694 39164 18683.437458851244 18690.836944754097 Dulles_0_1
17424 49441 18696.51852505424 18703.918010957095 West Columbia_0_0
15929 43479 18705.424328849138 18712.82381475199 Little Hocking_1_0
15880 43430 18712.948904717116 18720.34839061997 Little Hocking_0_0
1173 3423 18724.454453788963 18731.853939691817 Brampton_0_0
15828 43378 18738.817170759718 18746.21665666257 Lawrenceville_0_0
13383 38366 18748.545162385704 18755.944648288558 Columbus_1_0
13333 38316 18756.05383266085 18763.453318563705 Columbus_0_0
13018 37187 18765.038179939547 18772.4376658424 Carmel_1_0
13067 37236 18772.484032992084 18779.883518894938 Carmel_1_1
12921 37090 18780.00267826901 18787.402164171865 Carmel_0_0
12969 37138 18787.447807210963 18794.847293113817 Carmel_0_1
17577 49698 18794.911063077067 18802.31054897992 Whitestown_1_0
17529 49650 18802.381381358613 18809.780867261466 Whitestown_0_0
14246 40032 18809.91328250955 18817.312768412405 Elk Grove Village_0_0
14294 40079 18817.357770441322 18824.757256344175 Elk Grove Village_0_1
15418 42530 18824.95609511599 18832.355581018845 Joliet_0_0
14715 41155 18832.493640050063 18839.893125952916 Hanover Park_0_1
14667 41108 18839.93748439632 18847.336970299173 Hanover Park_0_0
15352 42278 18848.097310602665 18855.49679650552 Ironton_1_0
15287 42213 18889.21979809015 18896.619283993005 Ironton_0_0
1392 4608 20114.15370860696 20121.553194509812 Beijing_0_0
9884 28172 20150.449369875052 20157.848855777906 Seoul_0_0
9933 28219 20158.053358702513 20165.452844605366 Seoul_1_0
2082 5485 20177.39994894014 20184.799434842993 Qingdao_1_1
1974 5377 20185.27933966468 20192.678825567535 Qingdao_0_1
2028 5431 20193.318437379647 20200.7179232825 Qingdao_1_0
1920 5323 20201.19613298342 20208.595618886273 Qingdao_0_0
2186 5589 20248.47605422139 20255.875540124245 Shanghai_0_1
2136 5539 20255.995823296267 20263.39530919912 Shanghai_0_0
1771 5174 20272.87581527233 20280.275301175185 Ningbo_0_1
1869 5272 20280.610629010363 20288.010114913217 Ningbo_1_1
1721 5124 20288.23386296408 20295.633348866933 Ningbo_0_0
1820 5223 20295.966497349058 20303.36598325191 Ningbo_1_0
11313 32301 20338.960250288248 20346.3597361911 Nankan_0_0
11361 32349 20346.731875632115 20354.131361534968 Nankan_1_0
1489 4754 20396.498646521137 20403.89813242399 Chongqing_1_0
1440 4705 20404.138782343707 20411.53826824656 Chongqing_0_0
11268 32256 20457.096632592118 20464.49611849497 Linkou_0_1
11548 32626 20464.891467963753 20472.290953866606 Taipei_0_1
11638 32716 20472.69157391626 20480.091059819115 Taoyuan_0_1
11728 32806 20480.091059819115 20487.49054572197 Teiyuan_0_1
11223 32211 20487.58549584298 20494.984981745834 Linkou_0_0
11503 32581 20495.377573238184 20502.777059141037 Taipei_0_0
11593 32671 20503.174988134448 20510.5744740373 Taoyuan_0_0
11683 32761 20510.5744740373 20517.973959940155 Teiyuan_0_0
2243 6113 20524.872426701968 20532.27191260482 Xiamen_0_0
1673 5076 20548.068007266367 20555.46749316922 Guangzhou_1_1
1585 4988 20556.15133829062 20563.550824193473 Guangzhou_0_1
11411 32489 20585.977735961675 20593.377221864528 Tainan_0_0
11457 32535 20593.693496889835 20601.09298279269 Tainan_1_0
1629 5032 20622.992732212235 20630.39221811509 Guangzhou_1_0
1541 4944 20631.07729173674 20638.476777639593 Guangzhou_0_0
11178 32166 20661.137778126893 20668.537264029746 Kaohsiung_0_0
8448 22512 20672.96044620955 20680.359932112402 Manila_0_1
8530 22594 20680.554679977427 20687.95416588028 Manila_1_1
8407 22471 20688.09558056908 20695.495066471933 Manila_0_0
8489 22553 20695.688468502594 20703.087954405448 Manila_1_0
434 934 21363.922109484673 21371.321595387526 Perth_0_0
7758 20527 24161.553054898977 24168.95254080183 Pachuca_1_1
7621 20390 24169.164481508207 24176.56396741106 Pachuca_0_0
16978 48542 24224.88806484229 24232.287550745143 Tampa_0_0
16093 44215 24257.86117539302 24265.260661295873 Melville_1_0
13999 39785 24286.983815912226 24294.38330181508 Edwardsville_0_1
15829 43379 24297.40895377761 24304.808439680462 Lawrenceville_0_0
14459 40900 24328.186525558114 24335.586011460968 Grapevine_1_0
15072 41804 24353.85744672173 24361.256932624583 Huntsville_0_0
15228 41960 24361.743392025935 24369.14287792879 Huntsville_1_1
16526 45917 24372.028625731735 24379.42811163459 New Johnsonville_1_0
14812 41299 24384.381964921864 24391.781450824717 Hazelwood_1_0
17530 49651 24402.012538057366 24409.41202396022 Whitestown_0_0
17578 49699 24409.72635034813 24417.125836250983 Whitestown_1_0
15726 43042 24437.03671618282 24444.436202085675 Laredo_0_0
15930 43480 24470.67705050052 24478.076536403372 Little Hocking_1_0
7481 20070 24532.933231399842 24540.332717302696 Matamoros_0_0
15419 42531 24585.63673596939 24593.036221872244 Joliet_0_0
14668 41109 24593.10816082493 24600.507646727783 Hanover Park_0_0
14295 40080 24600.919084200745 24608.318570103598 Elk Grove Village_0_1
13645 39115 24620.56216425825 24627.9616501611 Dulles_0_0
13695 39165 24627.967791785955 24635.36727768881 Dulles_0_1
13796 39266 24635.461610653943 24642.861096556797 Dulles_1_1
12821 36743 24643.19669937759 24650.596185280443 Baltimore_0_0
13543 39013 24704.54600233988 24711.945488242734 Denver_1_0
13443 38913 24712.100737464512 24719.500223367366 Denver_0_0
13493 38963 24719.5789957632 24726.978481666054 Denver_0_1
15353 42279 24756.493745303673 24763.893231206526 Ironton_1_0
16865 47663 24797.323499858187 24804.72298576104 Salt Lake City_1_0
16914 47712 24804.767635853997 24812.16712175685 Salt Lake City_1_1
16765 47563 24812.278467121185 24819.67795302404 Salt Lake City_0_0
16815 47613 24819.721918396004 24827.121404298858 Salt Lake City_0_1
1308 3558 24829.912668750683 24837.312154653537 Calgary_1_0
1236 3486 24837.410023157165 24844.809509060018 Calgary_0_0
7231 19019 26124.076088756323 26131.475574659176 Almaty_1_1
7172 18960 26131.477137068465 26138.87662297132 Almaty_1_0
7113 18901 26138.956649648524 26146.356135551378 Almaty_0_1
7054 18842 26146.35741168831 26153.756897591164 Almaty_0_0
5274 12774 26292.828219234943 26300.227705137797 Ahmedabad_0_1
5226 12726 26300.371066877036 26307.77055277989 Ahmedabad_0_0
1441 4706 26343.651135143256 26351.05062104611 Chongqing_0_0
1490 4755 26351.123621159782 26358.523107062636 Chongqing_1_0
5644 13402 26416.813897759504 26424.213383662358 Chandigarh_1_0
5595 13353 26424.318452881394 26431.717938784248 Chandigarh_0_0
5547 13220 26440.86697715604 26448.266463058895 Calcultta_0_1
5502 13177 26448.336076317206 26455.73556222006 Calcultta_0_0
8357 22338 26466.181624112683 26473.581110015537 Lahore_1_1
8306 22287 26473.585361086167 26480.98484698902 Lahore_1_0
5845 14387 26551.489542752504 26558.889028655358 Kanpur_1_0
6086 15544 26577.440134078264 26584.839619981118 Salem_1_1
5998 15456 26585.084939236414 26592.484425139268 Salem_0_1
6042 15500 26592.775584263196 26600.17507016605 Salem_1_0
5954 15412 26600.42191252989 26607.821398432745 Salem_0_0
5906 15190 26626.43599548936 26633.835481392212 Panjim_0_0
7387 19703 30052.892881453037 30060.29236735589 Aguascalientes_0_0
7432 19748 30060.451655990135 30067.85114189299 Aguascalientes_1_0
7622 20391 30085.303749233484 30092.703235136338 Pachuca_0_0
7668 20437 30092.71540964069 30100.114895543542 Pachuca_0_1
7713 20482 30100.195806833755 30107.59529273661 Pachuca_1_0
7759 20528 30107.607019435254 30115.006505338108 Pachuca_1_1
7482 20071 30120.60143215317 30128.000918056023 Matamoros_0_0
7530 20299 30153.96431416273 30161.363800065585 Monterrey_0_0
7576 20345 30161.466738953226 30168.86622485608 Monterrey_1_0
14050 39836 30181.690803637797 30189.09028954065 Elgin_0_0
14148 39934 30189.50171155445 30196.901197457304 Elgin_1_0
14099 39885 30197.22781994417 30204.627305847025 Elgin_0_1
14197 39983 30205.03601966829 30212.435505571142 Elgin_1_1
16639 46322 30216.04695312904 30223.446439031894 Phoenix_0_0
16692 46375 30223.55083226991 30230.950318172763 Phoenix_0_1
17625 49746 30251.70453017196 30259.104016074813 Wilmington_0_0
15470 42786 30259.58869345279 30266.988179355645 Lakewood_0_0
13119 37486 30267.4277429615 30274.827228864353 Carson_0_0
13169 37536 30274.99193020728 30282.391416110135 Carson_0_1
16766 47564 30319.369057893753 30326.768543796607 Salt Lake City_0_0
16866 47664 30327.107200057955 30334.50668596081 Salt Lake City_1_0
16816 47614 30334.77244814379 30342.171934046644 Salt Lake City_0_1
16915 47713 30342.508184209193 30349.907670112047 Salt Lake City_1_1
13444 38914 30358.67884185249 30366.078327755342 Denver_0_0
13544 39014 30366.216250395253 30373.615736298107 Denver_1_0
13494 38964 30373.738810372346 30381.1382962752 Denver_0_1
13594 39064 30381.27552091245 30388.675006815305 Denver_1_1
1237 3487 30485.65281817317 30493.052304076024 Calgary_0_0
1309 3559 30493.325322732322 30500.724808635176 Calgary_1_0
7114 18902 31899.881206154823 31907.280692057677 Almaty_0_1
7232 19020 31907.57050428184 31914.969990184694 Almaty_1_1
7055 18843 31915.12217772175 31922.521663624604 Almaty_0_0
7173 18961 31922.809536977544 31930.209022880397 Almaty_1_0
8255 22236 32108.730300843716 32116.12978674657 Lahore_0_1
8358 22339 32116.384513644636 32123.78399954749 Lahore_1_1
8205 22186 32123.944965618222 32131.344451521076 Lahore_0_0
8307 22288 32131.59733673816 32138.996822641013 Lahore_1_0
5596 13354 32142.214007985138 32149.61349388799 Chandigarh_0_0
5645 13403 32149.77965604429 32157.179141947145 Chandigarh_1_0
8157 22138 32221.46960145235 32228.869087355204 Karachi_0_0
5369 12955 32266.423113435507 32273.82259933836 Baroda_0_1
5457 13043 32274.054168841452 32281.453654744306 Baroda_1_1
5325 12911 32281.61311273076 32289.012598633613 Baroda_0_0
5413 12999 32289.242518167623 32296.642004070476 Baroda_1_0
5846 14388 32298.039858280346 32305.4393441832 Kanpur_1_0
5706 14062 32305.857287919178 32313.25677382203 Indore_0_0
5751 14107 32313.454467814558 32320.85395371741 Indore_1_0
5907 15191 32421.936572432518 32429.33605833537 Panjim_0_0
11773 32970 37967.22822931409 37974.62771521694 Ankara_0_0
11983 33180 37994.82764801383 38002.227133916684 Istanbul_1_1
11931 33128 38002.233513334555 38009.63299923741 Istanbul_1_0
11878 33075 38009.74013197095 38017.13961787381 Istanbul_0_1
11826 33023 38017.14556459065 38024.54505049351 Istanbul_0_0
9036 24624 38025.983075667544 38033.3825615704 Otopeni_0_1
8974 24562 38033.38401549784 38040.78350140069 Otopeni_0_0
6407 17050 38052.93480807543 38060.33429397828 Migdal Haemek_0_1
6357 17000 38060.397901073295 38067.79738697615 Migdal Haemek_0_0
6304 16752 38074.02607062459 38081.42555652744 Lod_0_0
2521 7318 38138.67564493418 38146.07513083703 Alexandria_0_1
2472 7269 38146.093793810054 38153.49327971291 Alexandria_0_0
7331 19161 38787.51193973422 38794.911425637074 Lilongwe_0_1
7289 19119 38795.042250117825 38802.44173602068 Lilongwe_0_0
9499 27151 38949.97545835376 38957.37494425661 Polokwane_1_1
9406 27058 38958.04773647884 38965.44722238169 Polokwane_0_1
9452 27104 38966.277525584475 38973.67701148733 Polokwane_1_0
9360 27013 38974.348418066 38981.747903968855 Polokwane_0_0
7862 21052 38994.53243030967 39001.931916212525 Maputo_0_1
7816 21006 39002.03387784436 39009.433363747215 Maputo_0_0
9782 27639 39025.30823021335 39032.7077161162 Spartan_0_1
9282 25406 39032.98560897381 39040.38509487666 Bedfordview_0_1
9691 27549 39040.7906326647 39048.19011856755 Roodepoort_1_1
9598 27457 39048.840314559166 39056.23980046202 Roodepoort_0_1
9737 27595 39080.224782111 39087.62426801385 Spartan_0_0
9237 25362 39087.8076650512 39095.207150954055 Bedfordview_0_0
9645 27504 39095.38275275236 39102.782238655214 Roodepoort_1_0
9551 27410 39126.96197005622 39134.36145595907 Roodepoort_0_0
9829 27783 39136.85214727143 39144.25163317428 Welkom_0_0
11084 31268 43572.968625068665 43580.36811097152 Gothenburg_1_1
10905 31089 43580.51045988992 43587.90994579277 Gothenburg_0_1
10994 31178 43588.07352084959 43595.47300675244 Gothenburg_1_0
10816 31000 43595.61637699831 43603.015862901164 Gothenburg_0_0
2398 7195 43607.01083227992 43614.410318182774 Hvidovre_1_0
2314 7111 43614.575205700676 43621.97469160353 Hvidovre_0_0
8665 23413 43637.73808847071 43645.13757437356 Warsaw_0_1
3244 9200 43659.25075646188 43666.65024236473 Berlin_0_0
3625 9581 43672.18710625172 43679.58659215457 Bremen_1_1
3471 9427 43679.70952121823 43687.109007121086 Bremen_0_1
3394 9350 43687.118965306756 43694.51845120961 Bremen_0_0
9104 25093 43707.81049003446 43715.209975937316 Senec_0_0
3926 9879 43729.26327012603 43736.66275602888 Dortmund_1_1
3776 9732 43736.77423212998 43744.173718032835 Dortmund_0_1
3851 9807 43744.29223027323 43751.69171617609 Dortmund_1_0
723 1222 43759.5269573659 43766.926443268756 Linz_0_0
4077 10172 43773.91062955365 43781.3101154565 Frankfurt_0_1
4150 10245 43781.45764674652 43788.85713264938 Frankfurt_1_0
5159 12509 43790.05140150629 43797.45088740914 Troisdorf-Spich_1_0
4665 11339 43797.67529747261 43805.074783375465 Koeln_0_0
7915 21177 43805.94598410915 43813.345470012006 Eindhoven_0_0
8975 24563 43855.76218825092 43863.16167415377 Otopeni_0_0
4952 12305 43902.73215852209 43910.131644424946 Stuttgart_1_0
4817 12170 43910.28151322866 43917.68099913152 Stuttgart_0_0
4293 10388 43918.72736156971 43926.126847472566 Freiburg_0_0
6601 17716 43927.715108675155 43935.11459457801 Milan_1_0
11879 33076 43982.004208329585 43989.40369423244 Istanbul_0_1
11932 33129 43989.723040819896 43997.12252672275 Istanbul_1_0
3169 8854 44048.95798117033 44056.35746707318 Roissy Cdg Cedex_0_1
2906 8392 44057.56218650341 44064.961672406265 Lyon_1_0
11774 32971 44119.74628049923 44127.145766402085 Ankara_0_0
2973 8658 44180.23113281064 44187.63061871349 Nice_0_0
10216 29193 44190.67814260591 44198.07762850876 El Prat De Llobregat_1_0
2522 7319 44255.08899521971 44262.488481122564 Alexandria_0_1
2473 7270 44262.539440024906 44269.93892592776 Alexandria_0_0
8043 21804 46891.29446861148 46898.69395451433 Hamilton_0_0
8099 21860 46898.71646587024 46906.11595177309 Hamilton_0_1
7988 21692 46911.04981774092 46918.44930364377 Auckland_0_0
11085 31269 49428.98254004121 49436.38202594406 Gothenburg_1_1
10906 31090 49436.58320628734 49443.98269219019 Gothenburg_0_1
10995 31179 49444.36393582543 49451.76342172828 Gothenburg_1_0
10817 31001 49451.963064393465 49459.36255029632 Gothenburg_0_0
2399 7196 49469.43437999487 49476.83386589772 Hvidovre_1_0
2315 7112 49477.00490262283 49484.40438852568 Hvidovre_0_0
3626 9582 49514.61202228069 49522.01150818355 Bremen_1_1
3549 9505 49522.168559381906 49529.56804528476 Bremen_1_0
3395 9351 49529.78701612762 49537.186502030476 Bremen_0_0
4440 10687 49538.83361502517 49546.233100928024 Hannover_0_1
4586 10833 49546.42625350156 49553.82573940441 Hannover_1_1
3245 9201 49557.18352143907 49564.58300734192 Berlin_0_0
3319 9275 49564.71292298551 49572.112408888366 Berlin_1_0
4367 10614 49575.65113571691 49583.05062161976 Hannover_0_0
4513 10760 49583.24214631504 49590.64163221789 Hannover_1_0
3927 9880 49592.92569139372 49600.325177296574 Dortmund_1_1
3777 9733 49600.56238603429 49607.96187193714 Dortmund_0_1
12504 34348 49628.77512077542 49636.17460667827 Birmingham_1_0
12430 34274 49636.60561006222 49644.005095965076 Birmingham_0_0
3852 9808 49665.641560516626 49673.04104641948 Dortmund_1_0
3702 9658 49673.276515112644 49680.6760010155 Dortmund_0_0
7916 21178 49683.71910299373 49691.118588896585 Eindhoven_0_0
12355 33901 49701.64776423738 49709.04725014023 Aylesford_1_1
12210 33756 49709.47172160604 49716.87120750889 Aylesford_0_1
12283 33829 49717.499085295385 49724.89857119824 Aylesford_1_0
12137 33683 49725.32333565378 49732.722821556636 Aylesford_0_0
5160 12510 49746.91588292096 49754.315368823816 Troisdorf-Spich_1_0
6226 16237 49791.379907803865 49798.77939370672 Shannon_0_1
4078 10173 49838.09993993946 49845.49942584231 Frankfurt_0_1
4223 10318 49845.69308190483 49853.09256780768 Frankfurt_1_1
4151 10246 49853.221781715474 49860.62126761833 Frankfurt_1_0
4737 11408 49860.659816803876 49868.05930270673 Mannheim_0_0
4886 12239 49869.24362139953 49876.643107302385 Stuttgart_0_1
5021 12374 49876.813540026546 49884.2130259294 Stuttgart_1_1
4953 12306 49884.32599465047 49891.72548055332 Stuttgart_1_0
724 1223 49895.701008835225 49903.10049473808 Linz_0_0
791 1290 49903.191450712795 49910.59093661565 Linz_1_0
9105 25094 49911.97373854305 49919.3732244459 Senec_0_0
2907 8393 49927.93355398625 49935.333039889105 Lyon_1_0
593 1092 49943.487153247734 49950.88663915059 Graz_0_0
6667 17782 49954.044052877376 49961.44353878023 Milan_1_1
6472 17587 49961.495908305296 49968.89539420815 Milan_0_0
6602 17717 49969.036743664554 49976.43622956741 Milan_1_0
2777 8192 49991.71140930096 49999.11089520381 Bordeaux_1_1
2650 8065 49999.54859876414 50006.94808466699 Bordeaux_0_1
2713 8128 50007.56709480922 50014.96658071208 Bordeaux_1_0
2587 8002 50015.40321351543 50022.80269941828 Bordeaux_0_0
3037 8722 50037.315001787676 50044.71448769053 Nice_0_1
2974 8659 50044.80892650807 50052.208412410924 Nice_0_0
10744 30622 50070.74960618171 50078.14909208456 Vitoria-Gasteiz_0_1
10684 30562 50078.332322464514 50085.73180836737 Vitoria-Gasteiz_0_0
10161 29138 50098.724385850015 50106.12387175287 El Prat De Llobregat_0_0
10217 29194 50106.41519529709 50113.81468119995 El Prat De Llobregat_1_0
10624 30502 50145.068141554075 50152.46762745693 Vigo_0_1
10567 30445 50152.58017885547 50159.97966475832 Vigo_0_0
10106 29083 50177.56978095771 50184.969266860564 Coslada_0_1
10512 30390 50194.83605257247 50202.235538475325 Valencia_0_0
10392 29947 50209.1682488573 50216.56773476015 Linares_1_0
8805 24283 50235.61545840983 50243.01494431269 Vila Franca Xira_0_1
10339 29894 50261.54798538736 50268.947471290216 Linares_0_0
8044 21805 52769.5215062201 52776.920992122956 Hamilton_0_0
8100 21861 52776.9854121611 52784.38489806395 Hamilton_0_1
7989 21693 52785.43117836118 52792.83066426403 Auckland_0_0
484 983 52877.160418599844 52884.5599045027 Sydney_0_0
536 1035 52884.593008131196 52891.99249403405 Sydney_0_1
328 628 52908.953360021114 52916.35284592397 Derrimut_1_0
379 679 52916.35610418031 52923.755590083165 Derrimut_1_1
226 526 52923.83723555912 52931.23672146197 Derrimut_0_0
277 577 52931.239690201095 52938.63917610395 Derrimut_0_1
6738 18375 53986.525764763355 53993.92525066621 Narita_0_0
6950 18689 53995.079330996115 54002.47881689897 Tokyo_1_0
6846 18585 54002.888941794976 54010.28842769783 Tokyo_0_0
6791 18428 54012.00270177194 54019.402187674794 Narita_0_1
7002 18741 54020.56171526921 54027.96120117206 Tokyo_1_1
6898 18637 54028.373332924675 54035.77281882753 Tokyo_0_1
12057 33603 55375.727847605944 55383.1273335088 Aberdeen_0_0
6227 16238 55457.02912595868 55464.428611861535 Shannon_0_1
6151 16162 55464.5238627578 55471.92334866065 Shannon_0_0
12431 34275 55498.53874748945 55505.938233392306 Birmingham_0_0
12505 34349 55505.98740856743 55513.386894470284 Birmingham_1_0
12211 33757 55586.06489571929 55593.46438162214 Aylesford_0_1
10625 30503 55747.94128808379 55755.340773986645 Vigo_0_1
1116 2925 56726.73528468609 56734.13477058894 Rio De Janeiro_1_0
1068 2877 56734.776013635725 56742.17549953858 Rio De Janeiro_0_0
921 2589 56757.63636731582 56765.03585321867 Campinas_0_1
873 2541 56765.189036261065 56772.58852216392 Campinas_0_0
1019 2779 56787.36403572559 56794.76352162845 Paranagua_0_0
968 2636 56797.17653048369 56804.57601638654 Curitiba_0_0
12757 36223 56974.81920608878 56982.218691991635 Montevideo_1_1
12649 36115 56982.46729505871 56989.866780961565 Montevideo_0_1
12703 36169 56990.21749479968 56997.616980702536 Montevideo_1_0
12595 36061 56997.86741125451 57005.266897157366 Montevideo_0_0
227 527 58678.2123542428 58685.611840145655 Derrimut_0_0
329 629 58685.88121261847 58693.280698521325 Derrimut_1_0
278 578 58693.434964610424 58700.83445051328 Derrimut_0_1
380 680 58701.10195863949 58708.501444542344 Derrimut_1_1
121 327 58728.11157673597 58735.51106263883 Adelaide_1_0
17 223 58736.031570999505 58743.43105690236 Adelaide_0_0
173 379 58744.116136954035 58751.51562285689 Adelaide_1_1
69 275 58752.03511489966 58759.43460080252 Adelaide_0_1
485 984 58796.40330949426 58803.80279539711 Sydney_0_0
537 1036 58803.84892852379 58811.24841442664 Sydney_0_1
8490 22554 59576.7801373899 59584.17962329275 Manila_1_0
8408 22472 59584.682042322194 59592.08152822505 Manila_0_0
8531 22595 59592.70549165569 59600.10497755854 Manila_1_1
8449 22513 59600.60996695467 59608.00945285752 Manila_0_1
11179 32167 59699.641046106815 59707.04053200967 Kaohsiung_0_0
11458 32536 59707.50594105042 59714.90542695327 Tainan_1_0
11412 32490 59715.466503971315 59722.86598987417 Tainan_0_0
11684 32762 59728.73721282104 59736.136698723894 Teiyuan_0_0
11594 32672 59736.136698723894 59743.53618462675 Taoyuan_0_0
11504 32582 59744.60292610034 59752.002412003196 Taipei_0_0
11224 32212 59752.83610504852 59760.23559095137 Linkou_0_0
11729 32807 59760.30926791616 59767.70875381901 Teiyuan_0_1
11639 32717 59767.70875381901 59775.10823972186 Taoyuan_0_1
11549 32627 59776.17577666102 59783.57526256387 Taipei_0_1
11269 32257 59784.40946873533 59791.80895463818 Linkou_0_1
2244 6114 59803.15464167504 59810.554127577896 Xiamen_0_0
11362 32350 59818.20403462931 59825.60352053216 Nankan_1_0
11314 32302 59826.18308708348 59833.582572986335 Nankan_0_0
1630 5033 59849.74959358667 59857.14907948952 Guangzhou_1_0
1674 5077 59857.211399569984 59864.61088547284 Guangzhou_1_1
1542 4945 59864.8644482102 59872.263934113056 Guangzhou_0_0
1586 4989 59872.324871665056 59879.72435756791 Guangzhou_0_1
1821 5224 59906.14467343754 59913.544159340396 Ningbo_1_0
1722 5125 59914.17237975226 59921.57186565511 Ningbo_0_0
1870 5273 59922.35843732823 59929.75792323108 Ningbo_1_1
1772 5175 59930.38481684295 59937.7843027458 Ningbo_0_1
2137 5540 59938.67335470838 59946.07284061123 Shanghai_0_0
2187 5590 59946.230916765715 59953.63040266857 Shanghai_0_1
2029 5432 59954.609877735966 59962.00936363882 Qingdao_1_0
1921 5324 59962.58734790931 59969.98683381217 Qingdao_0_0
2083 5486 59970.722485329745 59978.1219712326 Qingdao_1_1
1975 5378 59978.69805681647 59986.097542719326 Qingdao_0_1
9885 28173 60004.5283211592 60011.92780706206 Seoul_0_0
9934 28220 60012.207343680624 60019.60682958348 Seoul_1_0
1491 4756 60069.278842668326 60076.67832857118 Chongqing_1_0
1442 4707 60076.768110552184 60084.16759645504 Chongqing_0_0
1393 4609 60105.84987677101 60113.249362673865 Beijing_0_0
15994 44116 61723.62983006239 61731.02931596524 Medford_0_0
15018 41505 61759.83817821741 61767.237664120265 Hebron_1_1
14966 41453 61767.23857620029 61774.63806210314 Hebron_1_0
14915 41402 61774.710081228826 61782.10956713168 Hebron_0_1
14863 41350 61782.11023652092 61789.509722423776 Hebron_0_0
17376 49395 61795.449917286634 61802.84940318949 Watertown_0_0
12650 36116 62951.39838817716 62958.79787408001 Montevideo_0_1
12596 36062 62958.80169412718 62966.20118003003 Montevideo_0_0
12758 36224 62966.27576331877 62973.675249221626 Montevideo_1_1
12704 36170 62973.67879227629 62981.07827817914 Montevideo_1_0
435 935 64708.80294549465 64716.202431397505 Perth_0_0
1543 4946 65740.26982858777 65747.66931449063 Guangzhou_0_0
1587 4990 65747.6785263118 65755.07801221467 Guangzhou_0_1
1443 4708 65759.84257025605 65767.24205615891 Chongqing_0_0
1492 4757 65767.44017794242 65774.83966384528 Chongqing_1_0
1631 5034 65779.4789726903 65786.87845859316 Guangzhou_1_0
1675 5078 65786.88730046581 65794.28678636867 Guangzhou_1_1
5548 13221 65856.4748197794 65863.87430568226 Calcultta_0_1
5503 13178 65863.91096763473 65871.31045353759 Calcultta_0_0
7174 18962 66086.13544878364 66093.5349346865 Almaty_1_0
7233 19021 66093.5984806337 66100.99796653655 Almaty_1_1
7056 18844 66101.15815879052 66108.55764469338 Almaty_0_0
7115 18903 66108.62028160895 66116.01976751181 Almaty_0_1
1175 3425 67492.79338505864 67500.1928709615 Brampton_0_0
14916 41403 67522.28281424992 67529.68230015278 Hebron_0_1
15019 41506 67529.9917707359 67537.39125663876 Hebron_1_1
14864 41351 67537.56293406361 67544.96241996647 Hebron_0_0
15575 42891 67550.2701247282 67557.66961063106 Lansdale_0_1
15626 42942 67558.2521122413 67565.65159814416 Lansdale_1_0
15524 42840 67566.07172140447 67573.47120730733 Lansdale_0_0
15354 42280 67614.37286627223 67621.77235217509 Ironton_1_0
12871 36793 67659.87278247002 67667.27226837288 Baltimore_0_1
13696 39166 67669.33304497848 67676.73253088135 Dulles_0_1
14669 41110 67707.13266325755 67714.53214916041 Hanover Park_0_0
13335 38318 67726.13169143598 67733.53117733884 Columbus_0_0
15931 43481 67738.61308144595 67746.01256734881 Little Hocking_1_0
13020 37189 67758.33238714022 67765.73187304309 Carmel_1_0
17579 49700 67766.17860309675 67773.57808899961 Whitestown_1_0
17531 49652 67773.90343101676 67781.30291691962 Whitestown_0_0
17323 49247 67785.31721732416 67792.71670322702 Vandalia_1_1
17227 49151 67792.946806178 67800.34629208087 Vandalia_0_1
17179 49103 67800.38260470505 67807.78209060791 Vandalia_0_0
14765 41252 67809.3329965088 67816.73248241167 Hazelwood_0_0
17478 49495 67842.111813732 67849.51129963486 West Columbia_0_1
15727 43043 67877.8585999173 67885.25808582015 Laredo_0_0
16580 45971 67892.6198613507 67900.01934725356 New Johnsonville_1_1
17426 49443 67921.17319331548 67928.57267921834 West Columbia_0_0
16527 45918 67949.66924682735 67957.06873273021 New Johnsonville_1_0
16421 45812 67957.37518720631 67964.77467310918 New Johnsonville_0_0
15830 43380 67975.90212966518 67983.30161556804 Lawrenceville_0_0
15177 41909 67990.66378479623 67998.06327069909 Huntsville_1_0
15073 41805 67998.45647601073 68005.85596191359 Huntsville_0_0
14000 39786 68009.05637383989 68016.45585974275 Edwardsville_0_1
13278 37916 68018.67206987088 68026.07155577374 Chelsea_1_0
13847 39439 68032.2169314903 68039.61641739316 Edison_0_0
14617 41058 68045.4854964253 68052.88498232816 Greenville_0_1
14566 41007 68052.97442914997 68060.37391505283 Greenville_0_0
14512 40953 68070.54304941562 68077.94253531848 Grapevine_1_1
14460 40901 68077.96523063545 68085.36471653832 Grapevine_1_0
14355 40796 68085.53590502978 68092.93539093265 Grapevine_0_0
17124 48688 68121.21969067767 68128.61917658053 Tampa_1_1
17026 48590 68129.26816166771 68136.66764757058 Tampa_0_1
16094 44216 68162.90002755997 68170.29951346283 Melville_1_0
7760 20529 68175.22854500762 68182.62803091048 Pachuca_1_1
7714 20483 68182.64023041485 68190.03971631771 Pachuca_1_0
7669 20438 68190.14585186474 68197.5453377676 Pachuca_0_1
7623 20392 68197.55707811026 68204.95656401312 Pachuca_0_0
6043 15501 71365.6174826026 71373.01696850546 Salem_1_0
5955 15413 71373.66629540648 71381.06578130934 Salem_0_0
6087 15545 71381.8478636185 71389.24734952136 Salem_1_1
5999 15457 71389.8940674255 71397.29355332836 Salem_0_1
5908 15192 71438.19648879766 71445.59597470053 Panjim_0_0
5752 14108 71537.04490765929 71544.44439356215 Indore_1_0
5707 14063 71545.11502408721 71552.51450999007 Indore_0_0
5847 14389 71555.52026791907 71562.91975382193 Kanpur_1_0
5414 13000 71567.30890461997 71574.70839052284 Baroda_1_0
5326 12912 71575.36061113994 71582.7600970428 Baroda_0_0
5458 13044 71583.57091347361 71590.97039937647 Baroda_1_1
5370 12956 71591.62311285433 71599.02259875719 Baroda_0_1
8158 22139 71622.3344348669 71629.73392076977 Karachi_0_0
5597 13355 71672.67333856225 71680.07282446511 Chandigarh_0_0
5646 13404 71680.48301528308 71687.88250118594 Chandigarh_1_0
8308 22289 71694.29994311566 71701.69942901852 Lahore_1_0
8206 22187 71702.2347034013 71709.63418930415 Lahore_0_0
8359 22340 71710.29012542655 71717.6896113294 Lahore_1_1
8256 22237 71718.2218813154 71725.62136721826 Lahore_0_1
5228 12728 71745.12265229618 71752.52213819904 Ahmedabad_0_0
5276 12776 71752.53150114857 71759.93098705143 Ahmedabad_0_1
7057 18845 71880.65356093645 71888.05304683931 Almaty_0_0
7175 18963 71888.29550835988 71895.69499426274 Almaty_1_0
7116 18904 71895.8934986913 71903.29298459415 Almaty_0_1
7234 19022 71903.53380852372 71910.93329442658 Almaty_1_1
1310 3560 73356.85334506631 73364.25283096917 Calgary_1_0
1238 3488 73364.3961239111 73371.79560981395 Calgary_0_0
15355 42281 73416.43393081364 73423.8334167165 Ironton_1_0
14297 40082 73464.98894900084 73472.3884349037 Elk Grove Village_0_1
14249 40035 73472.44874150494 73479.8482274078 Elk Grove Village_0_0
15728 43044 73483.26014382804 73490.6596297309 Laredo_0_0
13445 38915 73516.96788550954 73524.3673714124 Denver_0_0
16268 45420 73551.87894798309 73559.27843388595 Moberly_0_1
16916 47714 73605.10561793538 73612.50510383824 Salt Lake City_1_1
16817 47615 73612.78483191677 73620.18431781963 Salt Lake City_0_1
14766 41253 73668.21938033232 73675.61886623518 Hazelwood_0_0
14814 41301 73675.72607730042 73683.12556320328 Hazelwood_1_0
17228 49152 73683.66107119227 73691.06055709513 Vandalia_0_1
17180 49104 73691.11398278618 73698.51346868904 Vandalia_0_0
17276 49200 73698.60489540262 73706.00438130548 Vandalia_1_0
12972 37141 73706.9785925768 73714.37807847965 Carmel_0_1
17532 49653 73714.42784748202 73721.82733338488 Whitestown_0_0
16475 45866 73722.10859573093 73729.50808163379 New Johnsonville_0_1
16528 45919 73729.61261650741 73737.01210241027 New Johnsonville_1_0
15471 42787 73793.54803225104 73800.9475181539 Lakewood_0_0
13120 37487 73801.05600370928 73808.45548961214 Carson_0_0
16045 44167 73864.5562483832 73871.95573428606 Melville_0_0
7483 20072 73892.05839095285 73899.45787685571 Matamoros_0_0
16095 44217 73919.64508398237 73927.04456988523 Melville_1_0
7531 20300 73933.33592398564 73940.7354098885 Monterrey_0_0
7577 20346 73940.99184402467 73948.39132992753 Monterrey_1_0
7388 19704 73950.07263484213 73957.47212074499 Aguascalientes_0_0
7433 19749 73957.77829794503 73965.17778384789 Aguascalientes_1_0
7670 20439 73970.3608364315 73977.76032233436 Pachuca_0_1
7761 20530 73977.91535720261 73985.31484310547 Pachuca_1_1
7624 20393 73985.42078940912 73992.82027531198 Pachuca_0_0
7715 20484 73992.97418048284 74000.3736663857 Pachuca_1_0
6358 17001 77731.85175788403 77739.25124378689 Migdal Haemek_0_0
6305 16753 77740.15948982893 77747.5589757318 Lod_0_0
6408 17051 77748.53609767692 77755.93558357978 Migdal Haemek_0_1
2523 7320 77849.76139524579 77857.16088114865 Alexandria_0_1
2474 7271 77857.19377380822 77864.59325971108 Alexandria_0_0
8976 24564 77982.43368536234 77989.8331712652 Otopeni_0_0
9038 24626 77989.89429666828 77997.29378257114 Otopeni_0_1
8590 23338 78102.29193335772 78109.69141926058 Warsaw_0_0
8667 23415 78109.7702671289 78117.16975303176 Warsaw_0_1
9173 25162 78181.8526943624 78189.25218026526 Senec_1_0
9106 25095 78189.29381258394 78196.6932984868 Senec_0_0
2400 7197 78235.25827097893 78242.65775688179 Hvidovre_1_0
2316 7113 78242.70356836147 78250.10305426433 Hvidovre_0_0
3320 9276 78250.87144417137 78258.27093007423 Berlin_1_0
10996 31180 78259.8112824054 78267.21076830826 Gothenburg_1_0
11086 31270 78267.28918974938 78274.68867565224 Gothenburg_1_1
10907 31091 78274.74115554868 78282.14064145154 Gothenburg_0_1
10818 31002 78282.21836189712 78289.61784779998 Gothenburg_0_0
3246 9202 78291.145133914 78298.54461981686 Berlin_0_0
1239 3489 79208.60252448916 79216.00201039203 Calgary_0_0
1311 3561 79216.18579922001 79223.58528512287 Calgary_1_0
16818 47616 79433.51847618818 79440.91796209104 Salt Lake City_0_1
16917 47715 79440.99757448748 79448.39706039034 Salt Lake City_1_1
16768 47566 79448.42585195779 79455.82533786065 Salt Lake City_0_0
16868 47666 79455.90416428518 79463.30365018804 Salt Lake City_1_0
13171 37538 79534.81714680791 79542.21663271077 Carson_0_1
13121 37488 79542.2763354779 79549.67582138076 Carson_0_0
15472 42788 79549.7699764691 79557.16946237197 Lakewood_0_0
17627 49748 79557.24945018491 79564.64893608777 Wilmington_0_0
7817 21007 82618.75111579895 82626.15060170181 Maputo_0_0
7863 21053 82626.27809872397 82633.67758462683 Maputo_0_1
9830 27784 82648.41118631308 82655.81067221594 Welkom_0_0
9283 25407 82658.61060891501 82666.01009481787 Bedfordview_0_1
9552 27411 82666.54260087319 82673.94208677605 Roodepoort_0_0
9783 27640 82674.65920146537 82682.05868736823 Spartan_0_1
9692 27550 82682.42000272594 82689.8194886288 Roodepoort_1_1
9599 27458 82690.12308547729 82697.52257138015 Roodepoort_0_1
9453 27105 82702.17163396979 82709.57111987265 Polokwane_1_0
9361 27014 82709.99344314277 82717.39292904563 Polokwane_0_0
9500 27152 82717.89899915164 82725.2984850545 Polokwane_1_1
9407 27059 82725.72349597755 82733.12298188041 Polokwane_0_1
7290 19120 82807.13910129666 82814.53858719952 Lilongwe_0_0
7332 19162 82814.6894359723 82822.08892187515 Lilongwe_0_1
2475 7272 83549.23122870922 83556.63071461208 Alexandria_0_0
2524 7321 83556.6788368165 83564.07832271936 Alexandria_0_1
6306 16754 83604.41341799498 83611.81290389784 Lod_0_0
6359 17002 83628.9185513854 83636.31803728826 Migdal Haemek_0_0
6409 17052 83636.32911959461 83643.72860549747 Migdal Haemek_0_1
11828 33025 83711.16136956215 83718.56085546501 Istanbul_0_0
11933 33130 83718.77758421497 83726.17707011783 Istanbul_1_0
11880 33077 83726.35878760857 83733.75827351143 Istanbul_0_1
11985 33182 83733.97363697816 83741.37312288102 Istanbul_1_1
11775 32972 83744.99679883047 83752.39628473333 Ankara_0_0
8977 24565 83759.67313088167 83767.07261678453 Otopeni_0_0
9039 24627 83767.12884873946 83774.52833464232 Otopeni_0_1
660 1159 83808.37050104141 83815.76998694427 Graz_1_0
9107 25096 83822.0997898627 83829.49927576556 Senec_0_0
6603 17718 83850.86743304098 83858.26691894385 Milan_1_0
3038 8723 83861.92705998415 83869.32654588702 Nice_0_1
6668 17783 83873.11648079447 83880.51596669733 Milan_1_1
725 1224 83893.29219519228 83900.69168109514 Linz_0_0
4295 10390 83913.72387975294 83921.1233656558 Freiburg_0_0
8668 23416 83955.0016899587 83962.40117586157 Warsaw_0_1
4152 10247 83992.87947374748 84000.27895965034 Frankfurt_1_0
4079 10174 84000.39320565827 84007.79269156113 Frankfurt_0_1
3321 9277 84020.69891825733 84028.09840416019 Berlin_1_0
5161 12511 84042.6452850158 84050.04477091866 Troisdorf-Spich_1_0
4514 10761 84056.14338879652 84063.54287469939 Hannover_1_0
4667 11341 84070.01967834056 84077.41916424342 Koeln_0_0
4587 10834 84084.0887962009 84091.48828210376 Hannover_1_1
4441 10688 84091.8174620619 84099.21694796476 Hannover_0_1
3703 9659 84104.27958617457 84111.67907207743 Dortmund_0_0
7917 21179 84114.4648555852 84121.86434148806 Eindhoven_0_0
3473 9429 84128.74537615325 84136.14486205611 Bremen_0_1
3103 8788 84147.63845702873 84155.0379429316 Roissy Cdg Cedex_0_0
2401 7198 84177.72254387848 84185.12202978134 Hvidovre_1_0
2714 8129 84211.34908516533 84218.7485710682 Bordeaux_1_0
2778 8193 84218.80240358482 84226.20188948768 Bordeaux_1_1
12284 33830 84229.60680001798 84237.00628592084 Aylesford_1_0
12356 33902 84237.10527820766 84244.50476411052 Aylesford_1_1
12138 33684 84244.72255399822 84252.12203990108 Aylesford_0_0
10997 31181 84276.4817405344 84283.88122643725 Gothenburg_1_0
10819 31003 84284.2501815366 84291.64966743946 Gothenburg_0_0
11087 31271 84292.23203522393 84299.6315211268 Gothenburg_1_1
10908 31092 84299.99900741805 84307.39849332091 Gothenburg_0_1
12506 34350 84332.38666640654 84339.7861523094 Birmingham_1_0
12432 34276 84339.88530360554 84347.2847895084 Birmingham_0_0
12058 33604 84350.2560852413 84357.65557114416 Aberdeen_0_0
6228 16239 84363.43342534153 84370.83291124439 Shannon_0_1
