9826 27780 539.8054632842541 547.2049491871081 Welkom_0_0
9547 27406 582.6458650827408 590.0453509855948 Roodepoort_0_0
9641 27500 590.2039321289622 597.6034180318162 Roodepoort_1_0
9233 25358 597.6884803542421 605.0879662570961 Bedfordview_0_0
9594 27453 605.2733804097309 612.6728663125849 Roodepoort_0_1
9733 27591 612.9589612540738 620.3584471569278 Spartan_0_0
9687 27545 620.487155663507 627.886641566361 Roodepoort_1_1
9278 25402 627.971076871785 635.3705627746391 Bedfordview_0_1
9778 27635 635.4704325479138 642.8699184507678 Spartan_0_1
9356 27009 647.856628626585 655.2561145294391 Polokwane_0_0
9448 27100 655.3674253221421 662.7669112249962 Polokwane_1_0
9402 27054 662.836578758975 670.236064661829 Polokwane_0_1
9495 27147 670.3465134090683 677.7459993119223 Polokwane_1_1
7813 21003 678.888897228079 686.2883831309331 Maputo_0_0
7859 21049 686.3207760486358 693.7202619514899 Maputo_0_1
10334 29889 1646.1505864560604 1653.5500723589146 Linares_0_0
10212 29189 1673.733203923427 1681.1326898262812 El Prat De Llobregat_1_0
10156 29133 1681.6628137836713 1689.0622996865254 El Prat De Llobregat_0_0
2968 8653 1704.119228497732 1711.518714400586 Nice_0_0
10678 30556 1739.472944266968 1746.872430169822 Vitoria-Gasteiz_0_0
8800 24278 1761.1799777874492 1768.5794636903033 Vila Franca Xira_0_1
2707 8122 1791.593577899656 1798.9930638025103 Bordeaux_1_0
2644 8059 1799.3137858591754 1806.7132717620295 Bordeaux_0_1
6596 17711 1830.125698162097 1837.5251840649512 Milan_1_0
10562 30440 1881.5510709895811 1888.9505568924353 Vigo_0_0
3096 8781 1921.9271686099282 1929.3266545127824 Roissy Cdg Cedex_0_0
4947 12300 1941.084295473006 1948.4837813758602 Stuttgart_1_0
5015 12368 1948.5160528755428 1955.915538778397 Stuttgart_1_1
4731 11402 1956.8696629308563 1964.2691488337105 Mannheim_0_0
652 1151 1970.337828230158 1977.7373141330122 Graz_1_0
4217 10312 1983.1698183000842 1990.5693042029384 Frankfurt_1_1
717 1216 1995.2196504096964 2002.6191363125506 Linz_0_0
784 1283 2002.728536485419 2010.1280223882732 Linz_1_0
5084 12437 2016.9506141540828 2024.350100056937 Troisdorf-Spich_0_0
12348 33894 2036.3232892538463 2043.7227751567004 Aylesford_1_1
3696 9652 2056.33093959766 2063.730425500514 Dortmund_0_0
12424 34268 2081.727729026585 2089.127214929439 Birmingham_0_0
4360 10607 2109.8549391039046 2117.2544250067585 Hannover_0_0
4506 10753 2117.4147550486396 2124.8142409514935 Hannover_1_0
9166 25155 2129.8033837041417 2137.2028696069956 Senec_1_0
4579 10826 2142.16962176635 2149.5691076692037 Hannover_1_1
3388 9344 2150.5818799275185 2157.9813658303724 Bremen_0_0
3465 9421 2158.0100317608817 2165.4095176637356 Bremen_0_1
6143 16154 2201.3866379329115 2208.7861238357655 Shannon_0_0
3238 9194 2248.498416834302 2255.897902737156 Berlin_0_0
3312 9268 2256.0048479544553 2263.404333857309 Berlin_1_0
12048 33594 2282.827935885398 2290.227421788252 Aberdeen_0_0
2308 7105 2309.063016097437 2316.462502000291 Hvidovre_0_0
2392 7189 2316.5693707487567 2323.9688566516106 Hvidovre_1_0
10810 30994 2324.3217053152644 2331.7211912181183 Gothenburg_0_0
10988 31172 2331.826060673845 2339.225546576699 Gothenburg_1_0
10899 31083 2339.324202129828 2346.723688032682 Gothenburg_0_1
11078 31262 2346.8279626666836 2354.2274485695375 Gothenburg_1_1
7984 21688 4559.245636045933 4566.645121948787 Auckland_0_0
8095 21856 4571.6235946416855 4579.02308054454 Hamilton_0_1
8039 21800 4579.102488878434 4586.5019747812885 Hamilton_0_0
8745 24223 7603.696090966463 7611.0955768693175 Vila Franca Xira_0_0
8857 24335 7611.2139799346105 7618.613465837465 Vila Franca Xira_1_0
8801 24279 7618.721079111817 7626.120565014671 Vila Franca Xira_0_1
8913 24391 7626.238415874201 7633.637901777055 Vila Franca Xira_1_1
10563 30441 7663.428737550974 7670.828223453828 Vigo_0_0
10620 30498 7670.8353939854605 7678.234879888315 Vigo_0_1
10279 29834 7758.309846788645 7765.709332691499 Las Rozas_0_0
10445 30111 7808.720000863075 7816.11948676593 Santander_0_0
6144 16155 7838.826816678047 7846.226302580902 Shannon_0_0
6220 16231 7846.2266242004935 7853.626110103348 Shannon_0_1
12049 33595 8042.32187461853 8049.721360521385 Aberdeen_0_0
533 1032 10439.82998970151 10447.229475604363 Sydney_0_1
481 980 10447.313418778891 10454.712904681744 Sydney_0_0
168 374 10506.383065074682 10513.782550977536 Adelaide_1_1
64 270 10514.07929140064 10521.478777303493 Adelaide_0_1
376 676 10541.490156993266 10548.88964289612 Derrimut_1_1
116 322 10568.488013831588 10575.887499734441 Adelaide_1_0
274 574 10594.91817826087 10602.317664163724 Derrimut_0_1
12 218 10621.647100918257 10629.04658682111 Adelaide_0_0
325 625 10649.11349770999 10656.512983612844 Derrimut_1_0
223 523 10657.079375357713 10664.478861260566 Derrimut_0_0
1111 2920 12553.30598193407 12560.705467836924 Rio De Janeiro_1_0
1063 2872 12560.897061583024 12568.296547485877 Rio De Janeiro_0_0
869 2537 12629.276684135199 12636.676170038052 Campinas_0_0
917 2585 12636.688048594255 12644.087534497108 Campinas_0_1
1015 2775 12646.208151996136 12653.60763789899 Paranagua_0_0
6788 18425 15228.599774062634 15235.999259965487 Narita_0_1
6999 18738 15237.170510992548 15244.569996895401 Tokyo_1_1
6895 18634 15245.104059682451 15252.503545585305 Tokyo_0_1
6735 18372 15254.374543300535 15261.774029203389 Narita_0_0
6947 18686 15262.94262849569 15270.342114398543 Tokyo_1_0
6843 18582 15270.875117739692 15278.274603642545 Tokyo_0_0
9929 28216 15311.568978821708 15318.968464724561 Seoul_1_0
9880 28169 15319.14581230721 15326.545298210063 Seoul_0_0
2079 5482 15424.833380132914 15432.232866035767 Qingdao_1_1
2025 5428 15432.23562200138 15439.635107904234 Qingdao_1_0
1971 5374 15439.70864250694 15447.108128409793 Qingdao_0_1
1917 5320 15447.110646479588 15454.510132382442 Qingdao_0_0
2183 5586 15466.104990065098 15473.504475967951 Shanghai_0_1
2133 5536 15473.512277588079 15480.911763490933 Shanghai_0_0
1866 5269 15481.111780499272 15488.511266402125 Ningbo_1_1
1817 5220 15488.520738950581 15495.920224853435 Ningbo_1_0
1768 5171 15496.028159319967 15503.42764522282 Ningbo_0_1
1718 5121 15503.436677305559 15510.836163208412 Ningbo_0_0
11545 32623 15553.18431583047 15560.583801733323 Taipei_0_1
11500 32578 15560.597013340655 15567.996499243509 Taipei_0_0
11265 32253 15568.158637258142 15575.558123160996 Linkou_0_1
11220 32208 15575.570602234575 15582.970088137428 Linkou_0_0
11725 32803 15582.997518657055 15590.397004559909 Teiyuan_0_1
11635 32713 15590.397004559909 15597.796490462762 Taoyuan_0_1
11680 32758 15597.808954819438 15605.208440722292 Teiyuan_0_0
11590 32668 15605.208440722292 15612.607926625145 Taoyuan_0_0
11358 32346 15613.372355065827 15620.77184096868 Nankan_1_0
11310 32298 15620.856607390178 15628.256093293032 Nankan_0_0
11454 32532 15628.660979573686 15636.06046547654 Tainan_1_0
11408 32486 15636.156605157945 15643.556091060798 Tainan_0_0
11175 32163 15643.642973365604 15651.042459268458 Kaohsiung_0_0
8527 22591 15705.692332744598 15713.091818647452 Manila_1_1
8486 22550 15713.115400068215 15720.514885971068 Manila_1_0
8445 22509 15720.681058114766 15728.08054401762 Manila_0_1
8404 22468 15728.103329821004 15735.502815723858 Manila_0_0
430 930 16384.212810367346 16391.6122962702 Perth_0_0
65 271 16543.61057448387 16551.010060386725 Adelaide_0_1
13 219 16551.011979732084 16558.411465634937 Adelaide_0_0
169 375 16558.4753582698 16565.874844172653 Adelaide_1_1
117 323 16565.87653800009 16573.276023902945 Adelaide_1_0
12700 36166 18211.162472218275 18218.56195812113 Montevideo_1_0
12592 36058 18219.131631175776 18226.53111707863 Montevideo_0_0
12754 36220 18227.25401559157 18234.653501494424 Montevideo_1_1
12646 36112 18235.225392933033 18242.624878835886 Montevideo_0_1
965 2633 18371.21490442753 18378.614390330382 Curitiba_0_0
1016 2776 18379.66845795842 18387.067943861275 Paranagua_0_0
870 2538 18433.91758644581 18441.317072348662 Campinas_0_0
918 2586 18441.37034522132 18448.769831124173 Campinas_0_1
1064 2873 18492.20121601224 18499.600701915093 Rio De Janeiro_0_0
1112 2921 18499.685135708005 18507.08462161086 Rio De Janeiro_1_0
17071 48635 19378.61787378788 19386.017359690733 Tampa_1_0
17120 48684 19386.063713372445 19393.4631992753 Tampa_1_1
16975 48539 19393.624517809923 19401.024003712777 Tampa_0_0
17022 48586 19401.069436957634 19408.468922860488 Tampa_0_1
17421 49438 19420.10752940178 19427.507015304633 West Columbia_0_0
17473 49490 19427.584646264335 19434.98413216719 West Columbia_0_1
12817 36739 19446.7434271276 19454.142913030453 Baltimore_0_0
13742 39212 19455.898373284985 19463.29785918784 Dulles_1_0
13691 39161 19463.53695709061 19470.936442993465 Dulles_0_1
15672 42988 19478.164198115308 19485.56368401816 Lansdale_1_1
15570 42886 19486.054961923142 19493.454447825996 Lansdale_0_1
15014 41501 19504.63328527769 19512.032771180544 Hebron_1_1
14911 41398 19512.560488306834 19519.959974209687 Hebron_0_1
15990 44112 19524.36265716027 19531.762143063122 Medford_0_0
15926 43476 19560.891907793055 19568.29139369591 Little Hocking_1_0
13945 39731 19574.263197758533 19581.662683661387 Edwardsville_0_0
13996 39782 19581.709469627553 19589.108955530406 Edwardsville_0_1
13330 38313 19593.634406427595 19601.033892330448 Columbus_0_0
13274 37912 19606.211970209748 19613.6114561126 Chelsea_1_0
14562 41003 19614.040332867095 19621.439818769948 Greenville_0_0
15173 41905 19622.25094048211 19629.650426384964 Huntsville_1_0
15225 41957 19629.695996038092 19637.095481940945 Huntsville_1_1
15121 41853 19637.18482778683 19644.584313689684 Huntsville_0_1
13015 37184 19646.687647706985 19654.08713360984 Carmel_1_0
12918 37087 19654.211785576867 19661.61127147972 Carmel_0_0
12966 37135 19661.678886796475 19669.07837269933 Carmel_0_1
16523 45914 19671.438119113 19678.837605015855 New Johnsonville_1_0
16576 45967 19678.88085192195 19686.280337824803 New Johnsonville_1_1
16470 45861 19686.359548996308 19693.75903489916 New Johnsonville_0_1
15414 42526 19695.35764368683 19702.757129589685 Joliet_0_0
17271 49195 19704.064843778833 19711.464329681687 Vandalia_1_0
14290 40075 19713.06785528745 19720.467341190302 Elk Grove Village_0_1
17175 49099 19722.150495115344 19729.549981018197 Vandalia_0_0
14663 41104 19731.067605488366 19738.46709139122 Hanover Park_0_0
17223 49147 19739.937569606514 19747.337055509368 Vandalia_0_1
14711 41151 19748.871968820375 19756.271454723228 Hanover Park_0_1
14760 41247 19758.444318739657 19765.84380464251 Hazelwood_0_0
16362 45514 19766.343294935545 19773.742780838398 Moberly_1_1
16262 45414 19773.796330531353 19781.195816434207 Moberly_0_1
16212 45364 19781.23129426762 19788.630780170475 Moberly_0_0
15348 42274 19790.019062366384 19797.418548269237 Ironton_1_0
15283 42209 19797.487710615802 19804.887196518655 Ironton_0_0
1390 4606 21091.61500135064 21099.014487253495 Beijing_0_0
1972 5375 21154.435526549816 21161.83501245267 Qingdao_0_1
2080 5483 21162.11309839979 21169.512584302644 Qingdao_1_1
9881 28170 21175.965134081118 21183.36461998397 Seoul_0_0
1918 5321 21189.984035797137 21197.38352169999 Qingdao_0_0
2026 5429 21197.659649531684 21205.059135434538 Qingdao_1_0
9930 28217 21211.516703295725 21218.91618919858 Seoul_1_0
2184 5587 21248.53700619936 21255.936492102213 Shanghai_0_1
2134 5537 21256.01043554079 21263.409921443643 Shanghai_0_0
1769 5172 21275.835467487574 21283.234953390427 Ningbo_0_1
1867 5270 21283.409973033155 21290.809458936008 Ningbo_1_1
1719 5122 21290.916974954882 21298.316460857735 Ningbo_0_0
1818 5221 21298.490127164318 21305.88961306717 Ningbo_1_0
1486 4751 21346.641465978624 21354.040951881478 Chongqing_1_0
1437 4702 21354.495623643896 21361.89510954675 Chongqing_0_0
11311 32299 21402.64489275886 21410.044378661714 Nankan_0_0
11359 32347 21410.23371935139 21417.633205254242 Nankan_1_0
2241 6111 21419.508242800614 21426.907728703467 Xiamen_0_0
11266 32254 21430.31886666272 21437.718352565575 Linkou_0_1
11636 32714 21437.719765851216 21445.11925175407 Taoyuan_0_1
11726 32804 21445.11925175407 21452.518737656923 Teiyuan_0_1
11546 32624 21452.71888159591 21460.118367498762 Taipei_0_1
11221 32209 21460.267932248506 21467.66741815136 Linkou_0_0
1583 4986 21480.813217479743 21488.212703382596 Guangzhou_0_1
1671 5074 21488.711538626547 21496.1110245294 Guangzhou_1_1
11681 32759 21508.75931489065 21516.158800793502 Teiyuan_0_0
11591 32669 21516.158800793502 21523.558286696356 Taoyuan_0_0
11501 32579 21523.75695917176 21531.156445074612 Taipei_0_0
1539 4942 21544.36766163782 21551.767147540675 Guangzhou_0_0
1627 5030 21552.26355369257 21559.663039595423 Guangzhou_1_0
11409 32487 21571.77835334984 21579.177839252694 Tainan_0_0
11455 32533 21579.33576720617 21586.735253109022 Tainan_1_0
11176 32164 21586.78535160163 21594.184837504483 Kaohsiung_0_0
8446 22510 21601.276443988085 21608.67592989094 Manila_0_1
8405 22469 21608.704799107833 21616.104285010686 Manila_0_0
8528 22592 21616.171035684805 21623.57052158766 Manila_1_1
8487 22551 21623.59869797467 21630.998183877524 Manila_1_0
7710 20479 25092.27004903555 25099.669534938403 Pachuca_1_0
7618 20387 25099.99329718143 25107.392783084284 Pachuca_0_0
7755 20524 25107.807446361538 25115.20693226439 Pachuca_1_1
7664 20433 25115.532801349716 25122.93228725257 Pachuca_0_1
7427 19743 25159.947360277176 25167.34684618003 Aguascalientes_1_0
7382 19698 25167.53717666912 25174.936662571974 Aguascalientes_0_0
7526 20295 25184.59235432744 25191.991840230294 Monterrey_0_0
17072 48636 25239.988256586927 25247.38774248978 Tampa_1_0
17023 48587 25247.516450547944 25254.915936450798 Tampa_0_1
16091 44213 25271.02595938539 25278.425445288245 Melville_1_0
17121 48685 25294.68322872512 25302.082714627973 Tampa_1_1
14563 41004 25306.522378717345 25313.9218646202 Greenville_0_0
13893 39485 25316.402902642956 25323.80238854581 Edison_0_1
14457 40898 25337.46302587454 25344.86251177739 Grapevine_1_0
13275 37913 25356.648887127252 25364.048373030106 Chelsea_1_0
7478 20067 25414.40214074832 25421.801626651173 Matamoros_0_0
15226 41958 25472.548647797765 25479.94813370062 Huntsville_1_1
16577 45968 25481.61629027062 25489.015776173474 New Johnsonville_1_1
14809 41296 25492.323202471456 25499.72268837431 Hazelwood_1_0
16213 45365 25504.372512618713 25511.771998521566 Moberly_0_0
16313 45465 25512.182911224863 25519.582397127717 Moberly_1_0
16263 45415 25519.897169369386 25527.29665527224 Moberly_0_1
15772 43088 25529.197630602343 25536.597116505196 Laredo_1_0
15723 43039 25537.043621847555 25544.44310775041 Laredo_0_0
17575 49696 25557.477512116482 25564.876998019336 Whitestown_1_0
13016 37185 25565.104100001434 25572.503585904287 Carmel_1_0
14664 41105 25574.710036261815 25582.10952216467 Hanover Park_0_0
14712 41152 25582.143840160086 25589.54332606294 Hanover Park_0_1
14291 40076 25589.735657830613 25597.135143733467 Elk Grove Village_0_1
13590 39060 25639.944775471846 25647.3442613747 Denver_1_1
13331 38314 25694.635226093953 25702.034711996806 Columbus_0_0
15878 43428 25702.82962829409 25710.229114196944 Little Hocking_0_0
15927 43477 25710.32568429359 25717.725170196445 Little Hocking_1_0
15284 42210 25731.709782345315 25739.10926824817 Ironton_0_0
15349 42275 25739.466283714726 25746.86576961758 Ironton_1_0
16862 47660 25788.549409905198 25795.94889580805 Salt Lake City_1_0
16911 47709 25796.014520280325 25803.41400618318 Salt Lake City_1_1
16762 47560 25803.592815015792 25810.992300918646 Salt Lake City_0_0
16812 47610 25811.056897115148 25818.456383018 Salt Lake City_0_1
1304 3554 25822.156495016912 25829.555980919766 Calgary_1_0
1232 3482 25829.709252493274 25837.108738396128 Calgary_0_0
7227 19015 27050.01060652733 27057.410092430182 Almaty_1_1
7109 18897 27057.54421356117 27064.943699464024 Almaty_0_1
7168 18956 27065.091035847156 27072.49052175001 Almaty_1_0
7050 18838 27072.625336136458 27080.02482203931 Almaty_0_0
5640 13398 27251.99308001995 27259.392565922804 Chandigarh_1_0
5591 13349 27259.592031861946 27266.9915177648 Chandigarh_0_0
5272 12772 27301.70527282324 27309.104758726095 Ahmedabad_0_1
8353 22334 27346.181412343263 27353.580898246117 Lahore_1_1
5224 12724 27390.811364094785 27398.21084999764 Ahmedabad_0_0
8302 22283 27435.426116745188 27442.82560264804 Lahore_1_0
8252 22233 27442.972644893634 27450.372130796488 Lahore_0_1
8202 22183 27450.386673838166 27457.78615974102 Lahore_0_0
5544 13217 27478.530687941526 27485.93017384438 Calcultta_0_1
5499 13174 27486.071927058663 27493.471412961517 Calcultta_0_0
5842 14384 27513.78624464532 27521.18573054817 Kanpur_1_0
5797 14341 27521.34306711223 27528.742553015083 Kanpur_0_0
5748 14104 27528.87726929609 27536.276755198942 Indore_1_0
5454 13040 27536.9788961652 27544.378382068055 Baroda_1_1
5410 12996 27544.39620527548 27551.795691178333 Baroda_1_0
5703 14059 27552.32984684044 27559.729332743293 Indore_0_0
5366 12952 27560.41116505343 27567.810650956282 Baroda_0_1
5322 12908 27567.82780393 27575.227289832852 Baroda_0_0
5904 15188 27577.55978591305 27584.959271815904 Panjim_0_0
6084 15542 27595.473922034354 27602.873407937208 Salem_1_1
5996 15454 27603.382307543474 27610.781793446327 Salem_0_1
6040 15498 27611.393712318746 27618.7931982216 Salem_1_0
5952 15410 27619.305115785497 27626.70460168835 Salem_0_0
7383 19699 31130.435395270586 31137.83488117344 Aguascalientes_0_0
7428 19744 31138.345903396606 31145.74538929946 Aguascalientes_1_0
7479 20068 31147.470296062987 31154.86978196584 Matamoros_0_0
14048 39834 31176.209142297506 31183.60862820036 Elgin_0_0
14146 39932 31183.83045084377 31191.229936746622 Elgin_1_0
14097 39883 31191.416752097855 31198.81623800071 Elgin_0_1
14195 39981 31199.036742283846 31206.4362281867 Elgin_1_1
17622 49743 31223.75325036569 31231.152736268545 Wilmington_0_0
13116 37483 31231.191757359775 31238.59124326263 Carson_0_0
15467 42783 31239.037733497724 31246.437219400577 Lakewood_0_0
16637 46320 31261.163417174288 31268.56290307714 Phoenix_0_0
13166 37533 31283.5961376947 31290.995623597555 Carson_0_1
16690 46373 31306.074111147296 31313.47359705015 Phoenix_0_1
16763 47561 31322.952938765287 31330.35242466814 Salt Lake City_0_0
16863 47661 31330.54763652306 31337.947122425914 Salt Lake City_1_0
16813 47611 31338.113328010448 31345.5128139133 Salt Lake City_0_1
16912 47710 31345.706852173396 31353.10633807625 Salt Lake City_1_1
13441 38911 31386.027570813894 31393.427056716748 Denver_0_0
13491 38961 31393.43016908335 31400.829654986203 Denver_0_1
13541 39011 31400.905246896786 31408.30473279964 Denver_1_0
13591 39061 31408.307555555955 31415.70704145881 Denver_1_1
1233 3483 31486.261330991983 31493.660816894837 Calgary_0_0
1305 3555 31493.83447157302 31501.233957475873 Calgary_1_0
7110 18898 32893.879405766726 32901.27889166958 Almaty_0_1
7228 19016 32901.44845362245 32908.8479395253 Almaty_1_1
7051 18839 32908.922626276195 32916.32211217905 Almaty_0_0
7169 18957 32916.49022604809 32923.88971195094 Almaty_1_0
8253 22234 33118.30550134182 33125.70498724467 Lahore_0_1
8354 22335 33125.84016378839 33133.23964969124 Lahore_1_1
8203 22184 33133.31719283222 33140.71667873507 Lahore_0_0
8303 22284 33140.85075490213 33148.250240804984 Lahore_1_0
5592 13350 33169.62489107251 33177.024376975365 Chandigarh_0_0
5641 13399 33177.11347015571 33184.51295605856 Chandigarh_1_0
8155 22136 33212.2397454679 33219.639231370755 Karachi_0_0
5367 12953 33291.41949096322 33298.818976866074 Baroda_0_1
5455 13041 33298.93587168182 33306.33535758467 Baroda_1_1
5323 12909 33306.41097869272 33313.810464595575 Baroda_0_0
5411 12997 33313.92646356597 33321.325949468825 Baroda_1_0
5798 14342 33321.9392190568 33329.33870495966 Kanpur_0_0
5843 14385 33329.4353472278 33336.834833130655 Kanpur_1_0
5704 14060 33337.02939550586 33344.42888140871 Indore_0_0
5749 14105 33344.52887869127 33351.928364594125 Indore_1_0
8659 23407 38868.87847131491 38876.27795721776 Warsaw_0_1
8582 23330 38876.28427310727 38883.68375901012 Warsaw_0_0
9032 24620 38909.803922235966 38917.20340813882 Otopeni_0_1
8970 24558 38917.20980050681 38924.609286409664 Otopeni_0_0
11770 32967 38933.09167480983 38940.491160712685 Ankara_0_0
11980 33177 38946.12013495605 38953.519620858904 Istanbul_1_1
11875 33072 38953.69603570912 38961.09552161198 Istanbul_0_1
11928 33125 38961.29576250061 38968.69524840346 Istanbul_1_0
11823 33020 38968.872694360696 38976.27218026355 Istanbul_0_0
6405 17048 39016.72050130367 39024.119987206526 Migdal Haemek_0_1
6355 16998 39024.25483154042 39031.65431744327 Migdal Haemek_0_0
6301 16749 39036.20214357972 39043.601629482575 Lod_0_0
2518 7315 39079.28950941563 39086.68899531848 Alexandria_0_1
2469 7266 39086.738763556015 39094.13824945887 Alexandria_0_0
7329 19159 39782.444186121225 39789.84367202408 Lilongwe_0_1
7287 19117 39789.90538612094 39797.30487202379 Lilongwe_0_0
9403 27055 39934.57541844249 39941.97490434534 Polokwane_0_1
9496 27148 39942.43635412256 39949.835840025415 Polokwane_1_1
9357 27010 39950.204840944265 39957.60432684712 Polokwane_0_0
9449 27101 39958.06284487486 39965.462330777715 Polokwane_1_0
9779 27636 39969.14714097977 39976.54662688262 Spartan_0_1
9688 27546 39977.09148917877 39984.49097508162 Roodepoort_1_1
9595 27454 39985.017927907684 39992.41741381054 Roodepoort_0_1
9279 25403 39993.263624036685 40000.66310993954 Bedfordview_0_1
9734 27592 40000.9946243665 40008.39411026936 Spartan_0_0
9548 27407 40009.45949796109 40016.858983863945 Roodepoort_0_0
9642 27501 40017.38279459034 40024.78228049319 Roodepoort_1_0
9234 25359 40025.09960065484 40032.49908655769 Bedfordview_0_0
7860 21050 40042.431693887986 40049.83117979084 Maputo_0_1
7814 21004 40049.87421792831 40057.27370383116 Maputo_0_0
9827 27781 40070.50362561387 40077.90311151672 Welkom_0_0
11079 31263 44540.2530067265 44547.65249262936 Gothenburg_1_1
10900 31084 44547.86260803853 44555.26209394138 Gothenburg_0_1
10989 31173 44555.528830117735 44562.92831602059 Gothenburg_1_0
10811 30995 44563.140296407735 44570.53978231059 Gothenburg_0_0
2393 7190 44574.225272506475 44581.62475840933 Hvidovre_1_0
2309 7106 44581.872607045014 44589.27209294787 Hvidovre_0_0
3313 9269 44620.67614361644 44628.07562951929 Berlin_1_0
3239 9195 44628.39338672212 44635.792872624974 Berlin_0_0
3543 9499 44642.69710849298 44650.096594395836 Bremen_1_0
4434 10681 44651.17616920888 44658.57565511173 Hannover_0_1
4507 10754 44658.84201924703 44666.24150514988 Hannover_1_0
3847 9803 44668.85685405135 44676.256339954205 Dortmund_1_0
4218 10313 44681.18653896451 44688.58602486736 Frankfurt_1_1
4661 11335 44690.91623882684 44698.31572472969 Koeln_0_0
4146 10241 44700.68782660534 44708.08731250819 Frankfurt_1_0
4000 10095 44708.30503433134 44715.70452023419 Frankfurt_0_0
4881 12234 44724.58757632468 44731.987062227534 Stuttgart_0_1
653 1152 44746.90101708799 44754.300502990845 Graz_1_0
4948 12301 44768.920909863664 44776.32039576652 Stuttgart_1_0
4289 10384 44778.19279242254 44785.59227832539 Freiburg_0_0
8971 24559 44829.24940472116 44836.64889062401 Otopeni_0_0
12349 33895 44886.484313919114 44893.88379982197 Aylesford_1_1
12131 33677 44893.96604949528 44901.36553539813 Aylesford_0_0
6662 17777 44910.52867117975 44917.928157082606 Milan_1_1
3097 8782 44925.89401708441 44933.29350298726 Roissy Cdg Cedex_0_0
6532 17647 44940.97762976647 44948.377115669326 Milan_0_1
2902 8388 44953.83937292975 44961.23885883261 Lyon_1_0
3032 8717 44964.28149220963 44971.68097811248 Nice_0_1
11876 33073 45019.93034978469 45027.329835687546 Istanbul_0_1
11824 33021 45027.40053022217 45034.800016125024 Istanbul_0_0
11929 33126 45034.92280956968 45042.322295472535 Istanbul_1_0
2708 8123 45097.64600556922 45105.045491472076 Bordeaux_1_0
2582 7997 45105.129265857366 45112.52875176022 Bordeaux_0_0
10679 30557 45113.45759089522 45120.85707679807 Vitoria-Gasteiz_0_0
10508 30386 45122.01556561888 45129.41505152173 Valencia_0_0
10102 29079 45123.028234708705 45130.42772061156 Coslada_0_1
10047 29026 45130.427948949866 45137.82743485272 Coslada_0_0
10388 29943 45137.87004357276 45145.26952947561 Linares_1_0
10335 29890 45145.33365746928 45152.733143372134 Linares_0_0
2519 7316 45210.08143517914 45217.480921081995 Alexandria_0_1
2470 7267 45217.533323986485 45224.93280988934 Alexandria_0_0
8040 21801 47844.54470163584 47851.94418753869 Hamilton_0_0
8096 21857 47852.00327308256 47859.402758985416 Hamilton_0_1
7985 21689 47862.37145665288 47869.77094255573 Auckland_0_0
11080 31264 50414.84389832616 50422.24338422901 Gothenburg_1_1
10901 31085 50422.38049203753 50429.77997794039 Gothenburg_0_1
10990 31174 50430.05988931304 50437.45937521589 Gothenburg_1_0
10812 30996 50437.59509487725 50444.994580780105 Gothenburg_0_0
12051 33597 50466.26818119991 50473.66766710276 Aberdeen_0_0
2394 7191 50497.03602792148 50504.43551382433 Hvidovre_1_0
3467 9423 50505.6757517199 50513.075237622754 Bremen_0_1
3621 9577 50513.21789962994 50520.617385532794 Bremen_1_1
4581 10828 50521.830816685484 50529.23030258834 Hannover_1_1
12500 34344 50545.88050646567 50553.27999236852 Birmingham_1_0
3240 9196 50572.09456329702 50579.49404919987 Berlin_0_0
3314 9270 50579.57826699843 50586.977752901286 Berlin_1_0
3923 9876 50590.51174495337 50597.911230856225 Dortmund_1_1
6145 16156 50631.29595083778 50638.695436740636 Shannon_0_0
12132 33678 50662.80789861721 50670.207384520065 Aylesford_0_0
4662 11336 50679.38450621156 50686.78399211441 Koeln_0_0
5086 12439 50687.01858304146 50694.41806894432 Troisdorf-Spich_0_0
3166 8851 50698.3534839822 50705.752969885056 Roissy Cdg Cedex_0_1
4814 12167 50712.453706497676 50719.85319240053 Stuttgart_0_0
786 1285 50722.52494647586 50729.92443237871 Linz_1_0
2583 7998 50740.4324855768 50747.83197147965 Bordeaux_0_0
2709 8124 50748.11106862963 50755.510554532484 Bordeaux_1_0
6533 17648 50764.43082806195 50771.830313964805 Milan_0_1
6598 17713 50771.979402063895 50779.37888796675 Milan_1_0
10740 30618 50791.04490686541 50798.444392768266 Vitoria-Gasteiz_0_1
10680 30558 50798.59473701235 50805.9942229152 Vitoria-Gasteiz_0_0
2970 8655 50817.05065299726 50824.450138900116 Nice_0_0
588 1087 50826.72971525087 50834.12920115372 Graz_0_0
10621 30499 50863.501636212124 50870.90112211498 Vigo_0_1
10564 30442 50871.07734930163 50878.476835204485 Vigo_0_0
9101 25090 50906.488060136224 50913.88754603908 Senec_0_0
10432 29997 50918.08311726563 50925.482603168486 Rubi_0_0
10158 29135 50925.62627376243 50933.02575966528 El Prat De Llobregat_0_0
10214 29191 50933.19273784007 50940.592223742926 El Prat De Llobregat_1_0
9979 28262 50948.04679790155 50955.446283804406 Alovera_0_0
10103 29080 50956.092773784796 50963.49225968765 Coslada_0_1
10280 29835 50964.062015167554 50971.46150107041 Las Rozas_0_0
10048 29027 50972.175145539826 50979.57463144268 Coslada_0_0
10509 30387 50985.58710955857 50992.98659546142 Valencia_0_0
8914 24392 51012.170796238686 51019.57028214154 Vila Franca Xira_1_1
8802 24280 51020.12565283467 51027.525138737525 Vila Franca Xira_0_1
8858 24336 51028.25719564061 51035.65668154346 Vila Franca Xira_1_0
8746 24224 51036.212471337996 51043.61195724085 Vila Franca Xira_0_0
10336 29891 51058.92125154509 51066.320737447946 Linares_0_0
10389 29944 51066.639017907815 51074.03850381067 Linares_1_0
8041 21802 53803.422351539135 53810.82183744199 Hamilton_0_0
8097 21858 53810.86492056439 53818.26440646724 Hamilton_0_1
7986 21690 53820.4863640666 53827.885849969454 Auckland_0_0
326 626 53883.391371503036 53890.79085740589 Derrimut_1_0
224 524 53890.92910919707 53898.32859509993 Derrimut_0_0
377 677 53898.48184134541 53905.881327248266 Derrimut_1_1
275 575 53906.02027771565 53913.419763618505 Derrimut_0_1
482 981 53923.66568847301 53931.065174375864 Sydney_0_0
534 1033 53931.14640210625 53938.5458880091 Sydney_0_1
118 324 54019.13308954239 54026.53257544524 Adelaide_1_0
170 376 54026.534320672195 54033.93380657505 Adelaide_1_1
14 220 54033.99769213132 54041.397178034174 Adelaide_0_0
66 272 54041.398716716285 54048.79820261914 Adelaide_0_1
6948 18687 54954.68263965845 54962.082125561305 Tokyo_1_0
6736 18373 54963.63679263178 54971.03627853464 Narita_0_0
6844 18583 54973.17020593372 54980.56969183657 Tokyo_0_0
7000 18739 54981.31703995032 54988.716525853175 Tokyo_1_1
6789 18426 54990.268760581836 54997.66824648469 Narita_0_1
6896 18635 54999.79909674059 55007.19858264345 Tokyo_0_1
12052 33598 56374.932588875294 56382.33207477815 Aberdeen_0_0
6222 16233 56458.151610672474 56465.55109657533 Shannon_0_1
6146 16157 56465.623061219165 56473.02254712202 Shannon_0_0
919 2587 57711.397138506174 57718.79662440903 Campinas_0_1
871 2539 57718.93684261474 57726.336328517595 Campinas_0_0
1065 2874 57738.26443518118 57745.66392108404 Rio De Janeiro_0_0
1113 2922 57746.04136041271 57753.44084631556 Rio De Janeiro_1_0
1017 2777 57769.04062123025 57776.4401071331 Paranagua_0_0
966 2634 57779.54678311266 57786.94626901551 Curitiba_0_0
12755 36221 57927.47097837925 57934.8704642821 Montevideo_1_1
12647 36113 57935.31153728658 57942.71102318943 Montevideo_0_1
12701 36167 57943.30455119955 57950.704037102405 Montevideo_1_0
12593 36059 57951.14705740333 57958.54654330618 Montevideo_0_0
225 525 59678.89118424058 59686.29067014343 Derrimut_0_0
327 627 59686.44304612988 59693.84253203274 Derrimut_1_0
276 576 59693.91880250202 59701.31828840487 Derrimut_0_1
378 678 59701.46940072314 59708.86888662599 Derrimut_1_1
15 221 59715.87388353545 59723.273369438306 Adelaide_0_0
119 325 59723.59373645585 59730.9932223587 Adelaide_1_0
67 273 59731.1919617591 59738.59144766195 Adelaide_0_1
171 377 59738.90979650505 59746.30928240791 Adelaide_1_1
431 931 59927.14164224267 59934.54112814552 Perth_0_0
8488 22552 60543.762306541204 60551.16179244406 Manila_1_0
8406 22470 60551.87102098885 60559.270506891706 Manila_0_0
8529 22593 60560.13335820819 60567.53284411105 Manila_1_1
8447 22511 60568.24122494511 60575.64071084796 Manila_0_1
11177 32165 60671.30115881562 60678.700644718476 Kaohsiung_0_0
11456 32534 60679.1944389157 60686.59392481855 Tainan_1_0
11410 32488 60687.24276377992 60694.64224968277 Tainan_0_0
2242 6112 60705.134946256876 60712.53443215973 Xiamen_0_0
11682 32760 60725.2769189534 60732.676404856255 Teiyuan_0_0
11592 32670 60732.676404856255 60740.07589075911 Taoyuan_0_0
11502 32580 60740.995748025125 60748.39523392798 Taipei_0_0
11222 32210 60749.1213061777 60756.520792080555 Linkou_0_0
11637 32715 60756.59386117993 60763.99334708278 Taoyuan_0_1
11727 32805 60763.99334708278 60771.392832985635 Teiyuan_0_1
11547 32625 60772.307670086455 60779.70715598931 Taipei_0_1
11267 32255 60780.42927087749 60787.82875678034 Linkou_0_1
1628 5031 60816.99272323358 60824.39220913644 Guangzhou_1_0
1540 4943 60824.770302308585 60832.16978821144 Guangzhou_0_0
1672 5075 60832.65627858477 60840.055764487624 Guangzhou_1_1
1584 4987 60840.43615281391 60847.835638716766 Guangzhou_0_1
11360 32348 60873.61890982618 60881.018395729036 Nankan_1_0
11312 32300 60881.630989552585 60889.03047545544 Nankan_0_0
1720 5123 60896.89349686517 60904.29298276802 Ningbo_0_0
1819 5222 60904.74958985555 60912.1490757584 Ningbo_1_0
1770 5173 60912.50949213866 60919.908978041516 Ningbo_0_1
1868 5271 60920.36268150407 60927.76216740692 Ningbo_1_1
2135 5538 60927.79958354776 60935.19906945062 Shanghai_0_0
2185 5588 60935.2909649172 60942.69045082005 Shanghai_0_1
1487 4752 60983.42788306735 60990.827368970204 Chongqing_1_0
1438 4703 60990.994806762414 60998.39429266527 Chongqing_0_0
1919 5322 61038.95791660252 61046.357402505375 Qingdao_0_0
2027 5430 61046.77402968065 61054.173515583505 Qingdao_1_0
1973 5376 61054.49824450498 61061.897730407836 Qingdao_0_1
2081 5484 61062.31154603206 61069.711031934916 Qingdao_1_1
1391 4607 61078.868627779346 61086.2681136822 Beijing_0_0
15991 44113 62649.55349799991 62656.95298390276 Medford_0_0
15015 41502 62672.33618333936 62679.73566924221 Hebron_1_1
14912 41399 62679.858802483956 62687.25828838681 Hebron_0_1
14963 41450 62687.39233748929 62694.791823392145 Hebron_1_0
14860 41347 62694.91555621299 62702.31504211584 Hebron_0_0
17373 49392 62702.843504033546 62710.2429899364 Watertown_0_0
15673 42989 62743.403601676226 62750.80308757908 Lansdale_1_1
15622 42938 62750.80698642846 62758.206472331316 Lansdale_1_0
15571 42887 62758.29649363757 62765.695979540425 Lansdale_0_1
15520 42836 62765.69954066929 62773.09902657214 Lansdale_0_0
12867 36789 62797.34725174308 62804.74673764593 Baltimore_0_1
12818 36740 62804.748564134854 62812.14805003771 Baltimore_0_0
13793 39263 62825.00444969535 62832.4039355982 Dulles_1_1
13743 39213 62832.405015498975 62839.80450140183 Dulles_1_0
13692 39162 62839.87170223777 62847.27118814062 Dulles_0_1
13642 39112 62847.27204823758 62854.671534140434 Dulles_0_0
432 932 65705.80959951878 65713.20908542164 Perth_0_0
5225 12725 66683.6573111713 66691.05679707415 Ahmedabad_0_0
5273 12773 66691.16352182487 66698.56300772773 Ahmedabad_0_1
5500 13175 66710.06759992242 66717.46708582528 Calcultta_0_0
5545 13218 66717.51237872466 66724.91186462752 Calcultta_0_1
1439 4704 66782.99435564876 66790.39384155162 Chongqing_0_0
1488 4753 66790.49832825479 66797.89781415765 Chongqing_1_0
5642 13400 66916.54280680418 66923.94229270704 Chandigarh_1_0
5593 13351 66924.02568594449 66931.42517184735 Chandigarh_0_0
8355 22336 67009.23272418976 67016.63221009262 Lahore_1_1
8304 22285 67016.66340947854 67024.0628953814 Lahore_1_0
7170 18958 67029.66356084756 67037.06304675042 Almaty_1_0
7229 19017 67037.15516873992 67044.55465464278 Almaty_1_1
7052 18840 67044.80939946273 67052.20888536559 Almaty_0_0
8254 22235 67096.95726706316 67104.35675296602 Lahore_0_1
7111 18899 67149.01440325286 67156.41388915572 Almaty_0_1
8204 22185 67201.01444489382 67208.41393079668 Lahore_0_0
1172 3422 68470.99070292711 68478.39018882997 Brampton_0_0
15992 44114 68498.51382127404 68505.9133071769 Medford_0_0
15016 41503 68506.89919546247 68514.29868136533 Hebron_1_1
14861 41348 68514.38349663815 68521.78298254102 Hebron_0_0
14964 41451 68521.96004922903 68529.3595351319 Hebron_1_0
14292 40077 68568.00475563505 68575.40424153791 Elk Grove Village_0_1
15572 42888 68610.90991516176 68618.30940106462 Lansdale_0_1
15674 42990 68618.55807426045 68625.95756016331 Lansdale_1_1
15416 42528 68661.52402224239 68668.92350814525 Joliet_0_0
12968 37137 68675.29419970373 68682.69368560659 Carmel_0_1
13693 39163 68708.93525836444 68716.3347442673 Dulles_0_1
15879 43429 68727.22284026351 68734.62232616637 Little Hocking_0_0
17576 49697 68750.01431493617 68757.41380083903 Whitestown_1_0
13643 39113 68783.82459056865 68791.22407647151 Dulles_0_0
17321 49245 68824.67825764739 68832.07774355025 Vandalia_1_1
17225 49149 68832.47977211437 68839.87925801723 Vandalia_0_1
17273 49197 68840.3731825012 68847.77266840405 Vandalia_1_0
15773 43089 68856.11845720874 68863.5179431116 Laredo_1_0
16314 45466 68865.0955204583 68872.49500636116 Moberly_1_0
15724 43040 68874.28791930959 68881.68740521245 Laredo_0_0
16578 45969 68895.19445840674 68902.5939443096 New Johnsonville_1_1
16472 45863 68903.1057844536 68910.50527035646 New Johnsonville_0_1
17475 49492 68935.2029090733 68942.60239497616 West Columbia_0_1
15071 41803 68961.52992981787 68968.92941572073 Huntsville_0_0
13947 39733 68973.79242406703 68981.19190996989 Edwardsville_0_0
14405 40846 69001.5532199722 69008.95270587505 Grapevine_0_1
14458 40899 69009.3301045171 69016.72959041996 Grapevine_1_0
14615 41056 69034.23209092734 69041.6315768302 Greenville_0_1
13845 39437 69049.11973417652 69056.51922007938 Edison_0_0
16092 44214 69078.80607613189 69086.20556203475 Melville_1_0
17122 48686 69119.35341653874 69126.7529024416 Tampa_1_1
16977 48541 69127.057961191 69134.45744709387 Tampa_0_0
17073 48637 69134.8913698583 69142.29085576117 Tampa_1_0
7527 20296 69186.83579521142 69194.23528111428 Monterrey_0_0
7756 20525 69196.54535963584 69203.9448455387 Pachuca_1_1
7711 20480 69203.97527191664 69211.3747578195 Pachuca_1_0
7619 20388 69211.56430998203 69218.96379588489 Pachuca_0_0
7429 19745 69222.00468064066 69229.40416654352 Aguascalientes_1_0
5953 15411 72359.42829018831 72366.82777609117 Salem_0_0
6041 15499 72367.17795757428 72374.57744347714 Salem_1_0
5997 15455 72374.85971836199 72382.25920426485 Salem_0_1
6085 15543 72382.60720102474 72390.0066869276 Salem_1_1
5905 15189 72415.30178886652 72422.70127476938 Panjim_0_0
5705 14061 72518.50137370825 72525.90085961111 Indore_0_0
5750 14106 72526.42663262943 72533.82611853229 Indore_1_0
5799 14343 72535.00440628307 72542.40389218593 Kanpur_0_0
5844 14386 72542.8885617975 72550.28804770036 Kanpur_1_0
5412 12998 72553.69047030575 72561.08995620861 Baroda_1_0
5324 12910 72561.64887154834 72569.0483574512 Baroda_0_0
5456 13042 72569.72250276896 72577.12198867182 Baroda_1_1
5368 12954 72577.67788331614 72585.077369219 Baroda_0_1
8156 22137 72604.29203137575 72611.69151727861 Karachi_0_0
5501 13176 72648.29381470136 72655.69330060422 Calcultta_0_0
5546 13219 72655.70816547444 72663.1076513773 Calcultta_0_1
5594 13352 72677.09122794867 72684.49071385153 Chandigarh_0_0
5643 13401 72684.70999174603 72692.10947764889 Chandigarh_1_0
8305 22286 72695.71624966936 72703.11573557222 Lahore_1_0
8356 22337 72703.17081173873 72710.57029764159 Lahore_1_1
7053 18841 72893.04064756632 72900.44013346918 Almaty_0_0
7171 18959 72900.5814727956 72907.98095869846 Almaty_1_0
7112 18900 72908.106996335 72915.50648223786 Almaty_0_1
7230 19018 72915.64707846285 72923.04656436571 Almaty_1_1
1306 3556 74317.40023440123 74324.79972030409 Calgary_1_0
1234 3484 74325.02854224858 74332.42802815144 Calgary_0_0
15286 42212 74377.31232274794 74384.7118086508 Ironton_0_0
15351 42277 74384.86479495288 74392.26428085574 Ironton_1_0
13592 39062 74466.19574144483 74473.59522734769 Denver_1_1
13492 38962 74474.05274121744 74481.4522271203 Denver_0_1
13542 39012 74482.0764201585 74489.47590606136 Denver_1_0
13442 38912 74489.93189685035 74497.33138275321 Denver_0_0
16814 47612 74520.00195415255 74527.40144005542 Salt Lake City_0_1
16764 47562 74527.5171780976 74534.91666400046 Salt Lake City_0_0
15725 43041 74574.06001302786 74581.45949893072 Laredo_0_0
15774 43090 74581.55955635391 74588.95904225677 Laredo_1_0
14293 40078 74590.72676211434 74598.1262480172 Elk Grove Village_0_1
14666 41107 74598.13312304957 74605.53260895243 Hanover Park_0_0
16265 45417 74606.68289794079 74614.08238384365 Moberly_0_1
16365 45517 74614.16779987833 74621.56728578119 Moberly_1_1
16215 45367 74621.60147192246 74629.00095782532 Moberly_0_0
15417 42529 74630.23917954112 74637.63866544398 Joliet_0_0
14763 41250 74637.7873906116 74645.18687651446 Hazelwood_0_0
16691 46374 74681.17559904855 74688.57508495142 Phoenix_0_1
16638 46321 74688.71936917704 74696.1188550799 Phoenix_0_0
14196 39982 74703.95947687811 74711.35896278097 Elgin_1_1
14098 39884 74711.98366644135 74719.3831523442 Elgin_0_1
14147 39933 74720.17519531862 74727.57468122148 Elgin_1_0
14049 39835 74728.20017625758 74735.59966216044 Elgin_0_0
14353 40794 74764.35061091952 74771.75009682238 Grapevine_0_0
7480 20069 74781.40207520803 74788.80156111089 Matamoros_0_0
7528 20297 74796.11872772916 74803.51821363202 Monterrey_0_0
7574 20343 74803.64911215786 74811.04859806072 Monterrey_1_0
7385 19701 74811.75945244059 74819.15893834345 Aguascalientes_0_0
7430 19746 74819.31105380857 74826.71053971144 Aguascalientes_1_0
7666 20435 74914.40627938509 74921.80576528795 Pachuca_0_1
7620 20389 74921.83372949676 74929.23321539962 Pachuca_0_0
7757 20526 74929.28363958254 74936.6831254854 Pachuca_1_1
6302 16750 78667.11070165038 78674.51018755324 Lod_0_0
6356 16999 78676.1158391709 78683.51532507376 Migdal Haemek_0_0
6406 17049 78683.62543066373 78691.02491656659 Migdal Haemek_0_1
2471 7268 78737.58493108854 78744.9844169914 Alexandria_0_0
2520 7317 78745.00281638814 78752.402302291 Alexandria_0_1
8972 24560 78911.64113041759 78919.04061632045 Otopeni_0_0
9034 24622 78919.1280026597 78926.52748856255 Otopeni_0_1
8585 23333 79041.3780566454 79048.77754254825 Warsaw_0_0
8662 23410 79048.88257014067 79056.28205604354 Warsaw_0_1
9168 25157 79064.40580362082 79071.80528952368 Senec_1_0
9102 25091 79112.44640617771 79119.84589208057 Senec_0_0
655 1154 79161.50979039555 79168.90927629841 Graz_1_0
589 1088 79168.9578696462 79176.35735554906 Graz_0_0
787 1286 79176.407958289 79183.80744419186 Linz_1_0
720 1219 79183.85423996618 79191.25372586904 Linz_0_0
3315 9271 79192.39498781266 79199.79447371552 Berlin_1_0
3241 9197 79199.85261675942 79207.25210266229 Berlin_0_0
2395 7192 79208.31954465149 79215.71903055435 Hvidovre_1_0
2311 7108 79215.78586242048 79223.18534832334 Hvidovre_0_0
10991 31175 79224.14377685868 79231.54326276154 Gothenburg_1_0
11081 31265 79231.64160027751 79239.04108618037 Gothenburg_1_1
10813 30997 79239.21367531811 79246.61316122097 Gothenburg_0_0
10902 31086 79246.71058574623 79254.11007164909 Gothenburg_0_1
4582 10829 79257.10776996744 79264.5072558703 Hannover_1_1
4509 10756 79264.55728717425 79271.95677307711 Hannover_1_0
4436 10683 79271.96623901425 79279.36572491711 Hannover_0_1
4363 10610 79279.41520832684 79286.8146942297 Hannover_0_0
3622 9578 79286.8936717836 79294.29315768646 Bremen_1_1
3545 9501 79294.34384138853 79301.74332729139 Bremen_1_0
3468 9424 79301.75476632672 79309.15425222958 Bremen_0_1
3391 9347 79309.20439593829 79316.60388184115 Bremen_0_0
1235 3485 80202.09565681219 80209.49514271505 Calgary_0_0
1307 3557 80209.61132962837 80217.01081553123 Calgary_1_0
13168 37535 80577.13303682208 80584.53252272494 Carson_0_1
13118 37485 80584.57065112535 80591.97013702821 Carson_0_0
17624 49745 80591.97925060384 80599.3787365067 Wilmington_0_0
15469 42785 80599.42108904608 80606.82057494894 Lakewood_0_0
9828 27782 83585.2228153646 83592.62230126746 Welkom_0_0
7815 21005 83614.6397215632 83622.03920746606 Maputo_0_0
7861 21051 83622.19785256636 83629.59733846922 Maputo_0_1
9235 25360 83646.50669252865 83653.90617843151 Bedfordview_0_0
9735 27593 83654.24060828397 83661.64009418683 Spartan_0_0
9643 27502 83662.285591632 83669.68507753486 Roodepoort_1_0
9549 27408 83670.22781739688 83677.62730329974 Roodepoort_0_0
9280 25404 83678.60185834105 83686.00134424391 Bedfordview_0_1
9780 27637 83686.33757935751 83693.73706526037 Spartan_0_1
9689 27547 83694.38605625668 83701.78554215955 Roodepoort_1_1
9596 27455 83702.33129275918 83709.73077866204 Roodepoort_0_1
9450 27102 83717.79683716374 83725.1963230666 Polokwane_1_0
9358 27011 83725.84548495265 83733.2449708555 Polokwane_0_0
9497 27149 83734.04537733481 83741.44486323767 Polokwane_1_1
9404 27056 83742.09587345333 83749.4953593562 Polokwane_0_1
7288 19118 83797.02371826768 83804.42320417054 Lilongwe_0_0
7330 19160 83804.51758697965 83811.91707288251 Lilongwe_0_1
6303 16751 84698.99669989944 84706.3961858023 Lod_0_0
11825 33022 84730.38635221124 84737.7858381141 Istanbul_0_0
11930 33127 84737.90981786604 84745.3093037689 Istanbul_1_0
11877 33074 84745.42174228054 84752.8212281834 Istanbul_0_1
11982 33179 84752.94461074143 84760.34409664429 Istanbul_1_1
9035 24623 84768.94085755944 84776.3403434623 Otopeni_0_1
3034 8719 84819.14743128163 84826.54691718449 Nice_0_1
788 1287 84849.276296449 84856.67578235186 Linz_1_0
721 1220 84857.13512370667 84864.53460960953 Linz_0_0
2904 8390 84888.92592041887 84896.32540632173 Lyon_1_0
4291 10386 84903.48692348538 84910.88640938824 Freiburg_0_0
4815 12168 84914.79637897648 84922.19586487934 Stuttgart_0_0
4734 11405 84923.08117353171 84930.48065943457 Mannheim_0_0
4002 10097 84931.71519574252 84939.11468164538 Frankfurt_0_0
5157 12507 84941.4575107474 84948.85699665025 Troisdorf-Spich_1_0
2584 7999 84964.17613070268 84971.57561660554 Bordeaux_0_0
3242 9198 85003.99259646135 85011.39208236421 Berlin_0_0
8663 23411 85025.78394901939 85033.18343492225 Warsaw_0_1
3099 8784 85074.52512864344 85081.9246145463 Roissy Cdg Cedex_0_0
3774 9730 85093.14432787098 85100.54381377384 Dortmund_0_1
4510 10757 85107.24737042534 85114.6468563282 Hannover_1_0
4364 10611 85115.06635402958 85122.46583993244 Hannover_0_0
4583 10830 85123.08612800151 85130.48561390437 Hannover_1_1
4437 10684 85130.90428338292 85138.30376928578 Hannover_0_1
10681 30559 85163.44764258277 85170.84712848564 Vitoria-Gasteiz_0_0
10741 30619 85170.90097839733 85178.30046430019 Vitoria-Gasteiz_0_1
3392 9348 85201.74692400865 85209.14640991151 Bremen_0_0
3469 9425 85209.3524006619 85216.75188656476 Bremen_0_1
2396 7193 85228.6447950026 85236.04428090547 Hvidovre_1_0
2312 7109 85236.41467604897 85243.81416195183 Hvidovre_0_0
12427 34271 85273.74078967443 85281.14027557729 Birmingham_0_0
10992 31176 85312.30020958988 85319.69969549275 Gothenburg_1_0
11082 31266 85319.8551388624 85327.25462476526 Gothenburg_1_1
10903 31087 85327.59502408057 85334.99450998343 Gothenburg_0_1
12053 33599 85362.1311903105 85369.53067621336 Aberdeen_0_0
6223 16234 85377.68614208412 85385.08562798698 Shannon_0_1
